[{"id": 0, "img_name": "DSC05572", "width": 1264, "height": 832, "position": [3.140433964483239, 0.18188197960280972, -3.5634825336782776], "rotation": [[0.9979604943324005, 0.011462677284412253, -0.06279696474594969], [-0.04072327873048568, 0.8718824481262267, -0.4880190684992303], [0.04915756626674882, 0.4895810491419074, 0.8705710367338437]], "fy": 1040.192756666184, "fx": 1040.007303759328}, {"id": 1, "img_name": "DSC05580", "width": 1264, "height": 832, "position": [-1.3242316246346324, 1.294566612265396, -1.8109405302560735], "rotation": [[0.9993242842325004, 8.803976661275153e-05, 0.0367555056039219], [-0.008737326011649156, 0.9719013927763069, 0.23522615044599282], [-0.035702017833262566, -0.23538834926239274, 0.9712454329128962]], "fy": 1040.192756666184, "fx": 1040.007303759328}, {"id": 2, "img_name": "DSC05588", "width": 1264, "height": 832, "position": [-4.8355340821573405, 1.728435794443147, -3.886668744984122], "rotation": [[0.639016407545488, -0.3775398444520166, 0.670165424905527], [0.2619981717567121, 0.9259914475992267, 0.2718396530479488], [-0.7231977522668327, 0.0018721175806960426, 0.6906384772744457]], "fy": 1040.192756666184, "fx": 1040.007303759328}, {"id": 3, "img_name": "DSC05596", "width": 1264, "height": 832, "position": [-3.3459632929580683, -2.152967190518713, 1.3838762868533845], "rotation": [[-0.0879905248103987, 0.1809611592001578, 0.9795461839058561], [0.42546568528207995, 0.8959758435194096, -0.1273037253073616], [-0.9006867480933871, 0.4055617668008379, -0.15583014829724728]], "fy": 1040.192756666184, "fx": 1040.007303759328}, {"id": 4, "img_name": "DSC05604", "width": 1264, "height": 832, "position": [-3.147720680940812, -1.8125846323251342, 2.3908407754212426], "rotation": [[-0.9938033106781567, 0.06435141933723948, -0.09063042819283919], [0.02207733233817308, 0.9133998181948135, 0.4064644677195183], [0.108938382042164, 0.40194485560952786, -0.9091604709659735]], "fy": 1040.192756666184, "fx": 1040.007303759328}, {"id": 5, "img_name": "DSC05612", "width": 1264, "height": 832, "position": [1.7381904735139695, -1.2985647022566629, 1.628633568976139], "rotation": [[-0.9941462939415223, 0.07316448595838955, -0.07949908324490791], [0.03293237382831928, 0.9060031105061734, 0.4219879411869138], [0.10290094749985546, 0.41689965429055353, -0.9031091148117422]], "fy": 1040.192756666184, "fx": 1040.007303759328}, {"id": 6, "img_name": "DSC05620", "width": 1264, "height": 832, "position": [3.4769293071058267, -1.6740226351740144, 2.8636098683012845], "rotation": [[-0.04315451948884065, -0.9817058929190943, 0.18544871866802073], [-0.5212321123057221, 0.18048037161332883, 0.8341126545998627], [-0.8523231620394943, -0.06066609654690358, -0.5194851799433351]], "fy": 1040.192756666184, "fx": 1040.007303759328}, {"id": 7, "img_name": "DSC05628", "width": 1264, "height": 832, "position": [2.3554853982672386, 0.02967477722045854, 1.0755089449175659], "rotation": [[0.05355463989832989, 0.877248331384851, -0.477040109034717], [-0.39743407161404803, 0.45698293284400454, 0.7957466668542017], [0.916066623813814, 0.14697606666320404, 0.37312193256705445]], "fy": 1040.192756666184, "fx": 1040.007303759328}, {"id": 8, "img_name": "DSC05636", "width": 1264, "height": 832, "position": [3.2211096759161557, 1.8418259605836032, -3.061087794606173], "rotation": [[0.7172569059026841, 0.4926210003752597, -0.49281546335741766], [-0.2711883508230791, 0.8488337884791661, 0.453804008261237], [0.6418718013067458, -0.19184824608368126, 0.7424249734228022]], "fy": 1040.192756666184, "fx": 1040.007303759328}, {"id": 9, "img_name": "DSC05644", "width": 1264, "height": 832, "position": [3.5722088596047854, -2.321535796145075, 2.610912526753971], "rotation": [[-0.32594380692854374, 0.41760540881839975, -0.848154677668257], [-0.9170979144674386, -0.3575044253561094, 0.17641428833933048], [-0.2295474896495334, 0.8353420307732725, 0.4995114028920482]], "fy": 1040.192756666184, "fx": 1040.007303759328}, {"id": 10, "img_name": "DSC05652", "width": 1264, "height": 832, "position": [-0.6762113884047608, -1.04752124776985, -1.088885684620942], "rotation": [[-0.6603827910926511, -0.1404915934580107, -0.7376697644585337], [-0.32031632410198824, 0.9411909921475778, 0.10750334326916533], [0.6791848214900488, 0.3072810252324199, -0.6665480851293798]], "fy": 1040.192756666184, "fx": 1040.007303759328}, {"id": 11, "img_name": "DSC05661", "width": 1264, "height": 832, "position": [-0.11153542808826296, -0.7456778727936116, 0.19534400116714667], "rotation": [[0.7141035999082753, 0.08755056617114307, -0.6945436969414913], [-0.19959197353348, 0.9764311835386803, -0.08212909298331697], [0.6709836754340989, 0.19727402813437964, 0.7147474135137419]], "fy": 1040.192756666184, "fx": 1040.007303759328}, {"id": 12, "img_name": "DSC05669", "width": 1264, "height": 832, "position": [-0.41433859003113493, 0.020643463073931303, -0.4493384760722135], "rotation": [[0.22076661483213045, 0.7132310834859388, -0.6652544801239865], [-0.3655348633315707, 0.6928738439024477, 0.6215384944836615], [0.904238002665632, 0.10595875605781992, 0.41367423964993016]], "fy": 1040.192756666184, "fx": 1040.007303759328}, {"id": 13, "img_name": "DSC05678", "width": 1264, "height": 832, "position": [-1.1136949200001656, -0.2880478888954948, -0.22277986713854275], "rotation": [[0.25492791197631715, -0.053789242135297066, 0.9654628305252901], [-0.8655515282201345, 0.4324283286538544, 0.2526386600926774], [-0.4310827202419326, -0.9000624745028226, 0.06368069017112662]], "fy": 1040.192756666184, "fx": 1040.007303759328}, {"id": 14, "img_name": "DSC05686", "width": 1264, "height": 832, "position": [1.51190021777677, -0.7260800761302517, 1.5257847886456517], "rotation": [[0.1319911688877671, -0.7712882506348483, 0.622649793839423], [0.5812782890238231, 0.5690326613135827, 0.5816505661201734], [-0.8029283168783983, 0.28516006871758304, 0.523440400775299]], "fy": 1040.192756666184, "fx": 1040.007303759328}, {"id": 15, "img_name": "DSC05695", "width": 1264, "height": 832, "position": [-2.25142169996134, 2.2349828367137627, -1.5509751913554983], "rotation": [[-0.33819566916071564, -0.5272526674373714, 0.7795051725557133], [-0.9310944655035255, 0.30778960738973615, -0.19577705149372393], [-0.13669961839610206, -0.792003902934227, -0.5950151528047931]], "fy": 1040.192756666184, "fx": 1040.007303759328}, {"id": 16, "img_name": "DSC05703", "width": 1264, "height": 832, "position": [0.9303611713750882, 2.7644456786169638, 0.2072355666148782], "rotation": [[0.03445577869951221, 0.16587508796490227, 0.9855446486622743], [-0.9087960829165267, 0.415492045328107, -0.03815809147013963], [-0.4158154386140411, -0.8943443494883289, 0.16506273216117068]], "fy": 1040.192756666184, "fx": 1040.007303759328}, {"id": 17, "img_name": "DSC05711", "width": 1264, "height": 832, "position": [0.05133509723841352, 0.9658869511681452, 2.5654540876524807], "rotation": [[0.029333480550486686, -0.7586428911749812, 0.6508459960608651], [-0.8779562201711109, 0.2917144627921324, 0.37959919344059917], [-0.4778414197007726, -0.5825492561728691, -0.6574982446750612]], "fy": 1040.192756666184, "fx": 1040.007303759328}, {"id": 18, "img_name": "DSC05719", "width": 1264, "height": 832, "position": [-0.0591928526258815, 0.19004568400494765, 2.833567920219318], "rotation": [[-0.9966979966187437, 0.03496464554863234, 0.07328422134294041], [0.01631964425500392, 0.9703817914486881, -0.2410245797345677], [-0.07954101299061192, -0.2390327433354965, -0.967748198069071]], "fy": 1040.192756666184, "fx": 1040.007303759328}, {"id": 19, "img_name": "DSC05728", "width": 1264, "height": 832, "position": [2.8123872840220083, 0.5193706635700038, 4.078197682714097], "rotation": [[-0.23023498911839407, 0.41376392016133107, -0.8807901385451478], [-0.9439138261618115, -0.31508981331882363, 0.09871726456541301], [-0.23668235795306297, 0.8541181580527579, 0.4631021847479688]], "fy": 1040.192756666184, "fx": 1040.007303759328}, {"id": 20, "img_name": "DSC05738", "width": 1264, "height": 832, "position": [0.18986061799697737, 1.773883462151638, 0.8201885042916438], "rotation": [[-0.24051109428435644, 0.2082204672409606, -0.9480499198608145], [-0.9030951925774059, -0.4060010858368183, 0.13993638355660762], [-0.3557716777228326, 0.8898355776890919, 0.28569066839678336]], "fy": 1040.192756666184, "fx": 1040.007303759328}, {"id": 21, "img_name": "DSC05747", "width": 1264, "height": 832, "position": [-0.14161337838891752, 2.2658142411242914, 0.15235134648730286], "rotation": [[-0.9617744941721265, 0.1252894201860789, -0.24350027422856454], [-0.09209872084451563, 0.6894077034355787, 0.7184948462323756], [0.2578907675329886, 0.7134560810821624, -0.6515157499156322]], "fy": 1040.192756666184, "fx": 1040.007303759328}, {"id": 22, "img_name": "DSC05755", "width": 1264, "height": 832, "position": [0.35945019708317355, 0.8400702093062656, 1.0350751379160579], "rotation": [[-0.9795921039861413, 0.061382861394643745, 0.19139345374126485], [-0.0014693444485661912, 0.9500137456586283, -0.31220461893853246], [-0.20099042473435194, -0.3061144024489354, -0.9305357713588633]], "fy": 1040.192756666184, "fx": 1040.007303759328}, {"id": 23, "img_name": "DSC05763", "width": 1264, "height": 832, "position": [-5.524802685304227, -0.69140623537304, -4.098941525625533], "rotation": [[0.5402659069092292, -0.5995640991503438, 0.5904537584278592], [0.3316967980180741, 0.7965956347809885, 0.5053836451968258], [-0.7733627764614126, -0.07718993236109672, 0.629246954959644]], "fy": 1040.192756666184, "fx": 1040.007303759328}, {"id": 24, "img_name": "DSC05771", "width": 1264, "height": 832, "position": [3.8061477608038534, -3.758272645210847, 2.5848068228681607], "rotation": [[-0.809880128096798, 0.440625999070378, -0.38722462093356697], [-0.22443419092721525, 0.3771379529706614, 0.8985523125405361], [0.5419626113088981, 0.8146261064883266, -0.20654499405918697]], "fy": 1040.192756666184, "fx": 1040.007303759328}, {"id": 25, "img_name": "DSC05780", "width": 1264, "height": 832, "position": [1.2846497288271657, 0.3109042012580591, -1.9708043317977393], "rotation": [[0.9738142328322278, 0.006419062094051571, -0.2272545611758153], [0.09254703635849446, 0.9018368254776397, 0.4220490330206584], [0.20765569097580538, -0.4320290914443678, 0.8776274711693538]], "fy": 1040.192756666184, "fx": 1040.007303759328}, {"id": 26, "img_name": "DSC05788", "width": 1264, "height": 832, "position": [-0.3368497392720633, -2.398710527828916, -0.34103954028854605], "rotation": [[-0.17111025219563297, -0.5680907008761416, 0.804980892426398], [0.4322755161610759, 0.690905431770612, 0.5794717961018803], [-0.885358209834427, 0.4471270959446742, 0.12735069827393958]], "fy": 1040.192756666184, "fx": 1040.007303759328}, {"id": 27, "img_name": "DSC05797", "width": 1264, "height": 832, "position": [2.0595201227424966, -1.2494892507169726, 0.5903093065071768], "rotation": [[-0.09647415670063017, 0.44390105480243786, -0.8908673249335083], [-0.9426190596488366, -0.32816811254951933, -0.06144101474120123], [-0.31962797980722046, 0.8338210500167098, 0.4500893367692533]], "fy": 1040.192756666184, "fx": 1040.007303759328}, {"id": 28, "img_name": "DSC05805", "width": 1264, "height": 832, "position": [-1.1506602525296503, 0.045416531067273176, -2.0097843852257955], "rotation": [[-0.6209059907197118, 0.6858005368910698, -0.3796753538067659], [0.4060690200624349, 0.6956946525741488, 0.5925511803424814], [0.670510030971876, 0.21374417882051147, -0.7104433294686061]], "fy": 1040.192756666184, "fx": 1040.007303759328}, {"id": 29, "img_name": "DSC05573", "width": 1264, "height": 832, "position": [3.33556638847436, 1.3063862878622587, -2.957697290551365], "rotation": [[0.9997802852533486, -0.019623769394678754, 0.00736809971954897], [0.020917397258199133, 0.9567833663374836, -0.29004836216026997], [-0.0013578330808429269, 0.29013875572673314, 0.9569836251026804]], "fy": 1040.192756666184, "fx": 1040.007303759328}, {"id": 30, "img_name": "DSC05574", "width": 1264, "height": 832, "position": [3.1917627022376363, 1.985135990408217, -2.91312358356598], "rotation": [[0.999448713460666, -0.030319366883906084, 0.013527939738871113], [0.026347804633456467, 0.9722491250646677, 0.23245952766446368], [-0.02020055327996338, -0.23197494434258936, 0.9725119859644076]], "fy": 1040.192756666184, "fx": 1040.007303759328}, {"id": 31, "img_name": "DSC05575", "width": 1264, "height": 832, "position": [1.2858015246782324, -0.0949966296071797, -2.77541902602582], "rotation": [[0.9990757434189459, 0.006435158689905176, 0.04249997228841888], [0.017132556032579856, 0.8471838777059787, -0.5310234955996314], [-0.039422511787951135, 0.5312608267957435, 0.8462906117148126]], "fy": 1040.192756666184, "fx": 1040.007303759328}, {"id": 32, "img_name": "DSC05576", "width": 1264, "height": 832, "position": [1.2269163665056042, 1.0385469677834065, -2.2262117331643454], "rotation": [[0.9992466142796185, -0.028665985052022898, 0.02616228491008401], [0.03583861064376682, 0.9402491060706771, -0.33859594285876615], [-0.014892878762807867, 0.33927846945288104, 0.9405680848975615]], "fy": 1040.192756666184, "fx": 1040.007303759328}, {"id": 33, "img_name": "DSC05577", "width": 1264, "height": 832, "position": [1.283384523631019, 1.5162406080257365, -2.1222390266725393], "rotation": [[0.9969517839766932, -0.012040488394896185, 0.07708545300445042], [-0.0019866754569749278, 0.9837820019797795, 0.17935725717485143], [-0.07799483025379067, -0.1789636812872084, 0.9807593013751196]], "fy": 1040.192756666184, "fx": 1040.007303759328}, {"id": 34, "img_name": "DSC05578", "width": 1264, "height": 832, "position": [-1.352661673188986, -0.18436363683109414, -2.5423369886025027], "rotation": [[0.9987608879830356, 0.0030172331731089398, 0.04967479178937085], [0.020517018073378246, 0.8844231791272695, -0.4662345892271297], [-0.04534027574590747, 0.4666760509458278, 0.8832653751103866]], "fy": 1040.192756666184, "fx": 1040.007303759328}, {"id": 35, "img_name": "DSC05579", "width": 1264, "height": 832, "position": [-1.3367190000309774, 1.0775489780087892, -1.8527493559894637], "rotation": [[0.999765156456449, -0.01220666541334949, 0.017906123396714827], [0.01727006864799603, 0.947914952161883, -0.3180550081303998], [-0.013091091035713766, 0.3182895549455271, 0.9479031504051841]], "fy": 1040.192756666184, "fx": 1040.007303759328}, {"id": 36, "img_name": "DSC05581", "width": 1264, "height": 832, "position": [-4.7406036743143, 0.0913070847928537, -3.641499569097127], "rotation": [[0.9871002801349519, -0.010443182230152698, 0.15976225118095863], [0.09234857771267616, 0.8522796435652785, -0.5148700315212447], [-0.1307852329276731, 0.5229821690164489, 0.8422498879423523]], "fy": 1040.192756666184, "fx": 1040.007303759328}, {"id": 37, "img_name": "DSC05582", "width": 1264, "height": 832, "position": [-4.756853567748848, 1.086253854071792, -2.8969467266021804], "rotation": [[0.9969961138992908, -0.05938461413048585, 0.04972138849917116], [0.06757447505107772, 0.9806484913152136, -0.18374500483759243], [-0.03784757840712513, 0.18655295249812823, 0.9817156190684488]], "fy": 1040.192756666184, "fx": 1040.007303759328}, {"id": 38, "img_name": "DSC05583", "width": 1264, "height": 832, "position": [-3.9184957174684145, 1.4563089294379234, -2.855303659260614], "rotation": [[0.9701682597919045, -0.14361799226835045, 0.195313645168882], [0.06453046019408608, 0.9295579622058764, 0.36298459279533873], [-0.23368647243579888, -0.33955245131859446, 0.9110953657022113]], "fy": 1040.192756666184, "fx": 1040.007303759328}, {"id": 39, "img_name": "DSC05584", "width": 1264, "height": 832, "position": [-5.4831881631204045, 1.970653665432812, -4.966336018413373], "rotation": [[0.09126653496627984, 0.9953982387944833, 0.029202154031668367], [-0.9948681272945976, 0.08985326308120456, 0.04651666805565621], [0.043678700628442445, -0.033297707406070666, 0.9984905777186436]], "fy": 1040.192756666184, "fx": 1040.007303759328}, {"id": 40, "img_name": "DSC05585", "width": 1264, "height": 832, "position": [-5.53563705574611, 1.6018226568056901, -5.176712081935186], "rotation": [[0.08627037599403536, 0.9883773436172191, -0.12517047914751075], [-0.8172550729991628, -0.001646697883334455, -0.5762737492227233], [-0.5697820354161588, 0.15201156209397587, 0.8076143368630652]], "fy": 1040.192756666184, "fx": 1040.007303759328}, {"id": 41, "img_name": "DSC05586", "width": 1264, "height": 832, "position": [-5.677501764787483, 0.5036325380208657, -4.39834047824481], "rotation": [[0.6962567049436692, 0.08567924893848271, 0.7126609762869872], [0.28075346125219386, 0.8812469930748957, -0.38023838731954396], [-0.6606088818778455, 0.46482556244013956, 0.589519381942876]], "fy": 1040.192756666184, "fx": 1040.007303759328}, {"id": 42, "img_name": "DSC05587", "width": 1264, "height": 832, "position": [-5.331882051104456, 1.3451655648448448, -3.7437727587937384], "rotation": [[0.6400860226782954, -0.154332557328172, 0.7526429069089985], [0.31537157961997453, 0.9460618470156982, -0.07421420611478363], [-0.7005930704338169, 0.2848656584598993, 0.6542330672553361]], "fy": 1040.192756666184, "fx": 1040.007303759328}, {"id": 43, "img_name": "DSC05589", "width": 1264, "height": 832, "position": [-3.3932683340028085, 0.376839600365158, -3.593862808696153], "rotation": [[-0.0038320166709299025, 0.06735320606580353, 0.9977218356239832], [0.3814592559041671, 0.9223838248762123, -0.060802267159770586], [-0.9243777105346451, 0.3803572337150779, -0.029227094062543188]], "fy": 1040.192756666184, "fx": 1040.007303759328}, {"id": 44, "img_name": "DSC05590", "width": 1264, "height": 832, "position": [-3.2695866171132715, 1.445646784123372, -3.1678141990379385], "rotation": [[-0.033644487533056516, -0.2149070087887903, 0.9760548273699038], [0.4427319042091745, 0.8723535065883226, 0.20733504416372975], [-0.8960226054369143, 0.439106293642567, 0.06579630255212994]], "fy": 1040.192756666184, "fx": 1040.007303759328}, {"id": 45, "img_name": "DSC05591", "width": 1264, "height": 832, "position": [-3.2741359151345484, 1.7213862815543683, -3.0565321637695693], "rotation": [[-0.05538691260253713, -0.7526149805438378, 0.6561272597395702], [0.4213619043107965, 0.5781352482967774, 0.6987229638937043], [-0.9051996661002134, 0.31516713936865637, 0.2851021549449249]], "fy": 1040.192756666184, "fx": 1040.007303759328}, {"id": 46, "img_name": "DSC05592", "width": 1264, "height": 832, "position": [-3.189981166369364, -0.8579335831281077, -1.3185276410088587], "rotation": [[-0.005493602611704838, 0.17205508920418486, 0.9850720108749841], [0.39017946709350065, 0.907374084067995, -0.15630820522416294], [-0.9207224358018958, 0.383496177087474, -0.07211711565444275]], "fy": 1040.192756666184, "fx": 1040.007303759328}, {"id": 47, "img_name": "DSC05593", "width": 1264, "height": 832, "position": [-3.037055157943339, -0.22201532104011124, -1.0582994783219666], "rotation": [[0.001092112388801185, -0.09827859031522458, 0.995158342162785], [0.4264276348692388, 0.9001884835349262, 0.08843170433117777], [-0.9045210221494895, 0.42426644080900616, 0.04289181382152873]], "fy": 1040.192756666184, "fx": 1040.007303759328}, {"id": 48, "img_name": "DSC05594", "width": 1264, "height": 832, "position": [-3.1275894713795775, 0.7786800850411031, -0.6269260159509817], "rotation": [[-0.03674702260673989, -0.3487652623798305, 0.9364894276427618], [0.4075158414841312, 0.8504333483200178, 0.33270701676502684], [-0.912458489614196, 0.39386026941331803, 0.11087647590290926]], "fy": 1040.192756666184, "fx": 1040.007303759328}, {"id": 49, "img_name": "DSC05595", "width": 1264, "height": 832, "position": [-3.1366595501747803, 0.8497186065582761, -0.5894355746248423], "rotation": [[-0.0224698679445478, -0.6793167243641607, 0.7335011199948516], [0.4094678937076612, 0.663072666330662, 0.626634409514637], [-0.9120477778368665, 0.3144255510678059, 0.2632592330356915]], "fy": 1040.192756666184, "fx": 1040.007303759328}, {"id": 50, "img_name": "DSC05597", "width": 1264, "height": 832, "position": [-3.0426110569481635, -1.2820233166280135, 1.8089417157403929], "rotation": [[-0.08574486586945143, -0.06622654312042779, 0.9941136066684473], [0.4210838219434053, 0.901884187215208, 0.09640190739139085], [-0.9029597072264987, 0.4268711255607269, -0.04944501277129783]], "fy": 1040.192756666184, "fx": 1040.007303759328}, {"id": 51, "img_name": "DSC05598", "width": 1264, "height": 832, "position": [-3.0961772693219247, -0.47419016764554084, 2.190864447742812], "rotation": [[-0.08416277947091312, -0.3230640148780434, 0.9426273223509966], [0.43885942015308016, 0.8372777843641247, 0.32614156612306305], [-0.8946055197094597, 0.44112986081332267, 0.07131206072037166]], "fy": 1040.192756666184, "fx": 1040.007303759328}, {"id": 52, "img_name": "DSC05599", "width": 1264, "height": 832, "position": [-3.172570474758256, -0.3368931682595916, 2.223183926286642], "rotation": [[-0.09426797079565127, -0.7661497189673522, 0.6357107501122802], [0.3908203238887529, 0.5588135076779531, 0.7314280129118329], [-0.9156271206760755, 0.3173989158187372, 0.24674866589209674]], "fy": 1040.192756666184, "fx": 1040.007303759328}, {"id": 53, "img_name": "DSC05600", "width": 1264, "height": 832, "position": [-2.6199771560358593, -2.4379430433984317, 2.238391524530268], "rotation": [[-0.7519059141406008, 0.17958664562837248, 0.6343391309010793], [0.27312958151266936, 0.9605814733613629, 0.051802169236696005], [-0.6000314391622338, 0.21220713877450617, -0.7713173162000424]], "fy": 1040.192756666184, "fx": 1040.007303759328}, {"id": 54, "img_name": "DSC05601", "width": 1264, "height": 832, "position": [-2.5154550666957087, -1.8692460028397744, 2.392678200130235], "rotation": [[-0.7398838660870742, -0.022724300167450858, 0.6723507052766015], [0.302749000288793, 0.8812578107266762, 0.3629431275797382], [-0.6007619391474299, 0.472089268269387, -0.6451486768619262]], "fy": 1040.192756666184, "fx": 1040.007303759328}, {"id": 55, "img_name": "DSC05602", "width": 1264, "height": 832, "position": [-2.4292676672745097, -1.359002498282155, 2.5461822991273046], "rotation": [[-0.7355833769500792, -0.3453622946628633, 0.5827881098477551], [0.32327565301892713, 0.577057512345493, 0.7499983197386629], [-0.5953233975915139, 0.7400875035229502, -0.3128266922902575]], "fy": 1040.192756666184, "fx": 1040.007303759328}, {"id": 56, "img_name": "DSC05603", "width": 1264, "height": 832, "position": [-3.1314972999245523, -2.4375041638995967, 2.3022082907744146], "rotation": [[-0.9955365024593112, 0.014851991284070743, -0.09320134455027142], [-0.009220096656748679, 0.9675107684371882, 0.25266163692915833], [0.09392583291470316, 0.2523932077393913, -0.9630553497064946]], "fy": 1040.192756666184, "fx": 1040.007303759328}, {"id": 57, "img_name": "DSC05605", "width": 1264, "height": 832, "position": [-3.052810469476066, -0.828999045287601, 2.8659438606730405], "rotation": [[-0.99408327224347, 0.07423374312862097, -0.0792956444379407], [0.012173756054522875, 0.8015661107968834, 0.5977822092413619], [0.10793631228293547, 0.5932799688200102, -0.7977271658202997]], "fy": 1040.192756666184, "fx": 1040.007303759328}, {"id": 58, "img_name": "DSC05606", "width": 1264, "height": 832, "position": [-3.060732173725205, -0.7447895581139783, 2.9160516429895056], "rotation": [[-0.9962990106429022, 0.08582674015827639, -0.004695962710466718], [0.027067752277489768, 0.36512482297307175, 0.9305649899042664], [0.08158197214224988, 0.9269938696251916, -0.3660966368306248]], "fy": 1040.192756666184, "fx": 1040.007303759328}, {"id": 59, "img_name": "DSC05607", "width": 1264, "height": 832, "position": [-0.9129179616419512, -2.436011966161661, 1.4616739708846698], "rotation": [[-0.9992104801185616, 0.01191488465760726, -0.037900553357823975], [0.0016565637991451778, 0.9656353639332941, 0.25989536301710775], [0.03969473790835138, 0.25962738577625205, -0.9648927133818433]], "fy": 1040.192756666184, "fx": 1040.007303759328}, {"id": 60, "img_name": "DSC05608", "width": 1264, "height": 832, "position": [-0.788668309344583, -1.5553858072228748, 1.746230609434995], "rotation": [[-0.995121451204636, 0.048357631512275866, -0.08599323709979688], [0.005777503936874272, 0.8987025511765778, 0.4385206323047635], [0.09848816071304375, 0.4358844617364023, -0.894597573334585]], "fy": 1040.192756666184, "fx": 1040.007303759328}, {"id": 61, "img_name": "DSC05609", "width": 1264, "height": 832, "position": [-0.7944771677557546, -0.8599814196874699, 1.9523444269205734], "rotation": [[-0.9959018588790388, 0.06874248226050184, -0.05877038892112103], [-0.0009212133271604241, 0.6420795656198958, 0.7666374519806426], [0.09043582723280136, 0.7635498035793282, -0.6393849064582994]], "fy": 1040.192756666184, "fx": 1040.007303759328}, {"id": 62, "img_name": "DSC05610", "width": 1264, "height": 832, "position": [-0.7781591709243805, -0.4737051092032673, 2.3789471913068194], "rotation": [[-0.9936634549883263, 0.08643784093726402, -0.07184314772312522], [-0.05863346153431622, 0.14668522222785949, 0.9874439542416912], [0.0958908515405219, 0.9853993836176617, -0.14068759489296087]], "fy": 1040.192756666184, "fx": 1040.007303759328}, {"id": 63, "img_name": "DSC05611", "width": 1264, "height": 832, "position": [1.813176726496155, -2.0984523989933614, 1.5451080378986128], "rotation": [[-0.9975472385047081, -0.01123132687171012, -0.0690895379079326], [-0.024853432177597827, 0.9795609489601239, 0.19960624785145173], [0.06543557030105568, 0.20083377347707837, -0.9774374566028935]], "fy": 1040.192756666184, "fx": 1040.007303759328}, {"id": 64, "img_name": "DSC05613", "width": 1264, "height": 832, "position": [1.7181878650029994, -0.3678248974040829, 1.884489783348453], "rotation": [[-0.9966013317478934, 0.06571259773046832, -0.04967534657995161], [0.020125408113784632, 0.7789880535389327, 0.6267157093865434], [0.07987961884347142, 0.6235859739788399, -0.7776630244201425]], "fy": 1040.192756666184, "fx": 1040.007303759328}, {"id": 65, "img_name": "DSC05614", "width": 1264, "height": 832, "position": [1.7666112238143772, -0.15202710955930585, 2.022629467638452], "rotation": [[-0.9980855711528923, 0.06156353470242253, -0.005926537888881053], [0.011788370278355354, 0.2834288651150524, 0.9589208062951673], [0.06071430624313443, 0.9570151564184012, -0.2836119944622898]], "fy": 1040.192756666184, "fx": 1040.007303759328}, {"id": 66, "img_name": "DSC05615", "width": 1264, "height": 832, "position": [3.272000036987376, -2.9491112656465073, 2.7134907502966903], "rotation": [[-0.7720305056427388, -0.07285728237117539, -0.6313958463297836], [-0.20661111083526384, 0.9682237027010132, 0.1409067436546538], [0.6010663417930132, 0.2392377017391423, -0.7625513588146952]], "fy": 1040.192756666184, "fx": 1040.007303759328}, {"id": 67, "img_name": "DSC05616", "width": 1264, "height": 832, "position": [3.08218893424125, -2.2906926444695594, 2.755859079828145], "rotation": [[-0.7458491477013335, 0.06601002762625434, -0.6628361223756404], [-0.21378422417072457, 0.9187157362114461, 0.33205075144197743], [0.6308766554318802, 0.3893636761309941, -0.6711114462895432]], "fy": 1040.192756666184, "fx": 1040.007303759328}, {"id": 68, "img_name": "DSC05617", "width": 1264, "height": 832, "position": [3.2659582540130105, -1.178219640285221, 3.3285320271378596], "rotation": [[-0.8019367291022588, 0.1363646748449912, -0.5816374798542385], [-0.2248445389456771, 0.8331184010721778, 0.5053302515199773], [0.5534820826576736, 0.5360209000117044, -0.6374473930667269]], "fy": 1040.192756666184, "fx": 1040.007303759328}, {"id": 69, "img_name": "DSC05618", "width": 1264, "height": 832, "position": [3.182476995140194, -1.2407124146780062, 3.005853091892874], "rotation": [[-0.8081986863439359, 0.534144988908661, -0.24800002866068804], [-0.18170694670537996, 0.1743918914452887, 0.967765495209011], [0.5601762837812252, 0.8272101299076922, -0.04388544254254449]], "fy": 1040.192756666184, "fx": 1040.007303759328}, {"id": 70, "img_name": "DSC05619", "width": 1264, "height": 832, "position": [3.5999870670569605, -1.566255340027471, 2.8980750275786513], "rotation": [[-0.9978485567877643, 0.05625293194816961, 0.033672917364111675], [0.050241350426433413, 0.3261441269917525, 0.9439840121189108], [0.04211964415690158, 0.9436448569647492, -0.32826866969004775]], "fy": 1040.192756666184, "fx": 1040.007303759328}, {"id": 71, "img_name": "DSC05621", "width": 1264, "height": 832, "position": [3.7457870533774207, -2.847823342171503, 2.73230288151687], "rotation": [[-0.021011831207889926, -0.135379008241314, -0.9905710610939981], [-0.42794110812509734, 0.8966558861053221, -0.11346642626496788], [0.9035623447919654, 0.42152194016477706, -0.07677462493407056]], "fy": 1040.192756666184, "fx": 1040.007303759328}, {"id": 72, "img_name": "DSC05622", "width": 1264, "height": 832, "position": [3.4496385737676327, -1.9024459220388257, 3.1916185883503556], "rotation": [[0.023779894388546097, 0.1419675652479964, -0.9895856340107333], [-0.35454268549084933, 0.9267236729629231, 0.12442957098312855], [0.9347373966990975, 0.3478914261485394, 0.07237095290604588]], "fy": 1040.192756666184, "fx": 1040.007303759328}, {"id": 73, "img_name": "DSC05623", "width": 1264, "height": 832, "position": [3.5909973823814667, -0.9350888363905097, 3.570080251510787], "rotation": [[0.05522546905111724, 0.5972810777605446, -0.8001284032686794], [-0.32797795510311845, 0.7677367952979395, 0.550464053424042], [0.9430697792499029, 0.23202484197786286, 0.23829365113382037]], "fy": 1040.192756666184, "fx": 1040.007303759328}, {"id": 74, "img_name": "DSC05624", "width": 1264, "height": 832, "position": [3.4059697568890552, -1.2359944666622187, 3.759746388153322], "rotation": [[0.024317450552192536, 0.9295902976730983, -0.36779143555917926], [-0.21697195898460825, 0.3640384110728798, 0.9057589106809352], [0.975874905207129, 0.05777468074834501, 0.21054751399958077]], "fy": 1040.192756666184, "fx": 1040.007303759328}, {"id": 75, "img_name": "DSC05625", "width": 1264, "height": 832, "position": [2.51729316352484, -1.8435210890166458, 0.4019231902082143], "rotation": [[0.12094296119897166, -0.21328977494637633, -0.9694742245360357], [-0.3910026037609905, 0.8874514518480855, -0.24402230321192186], [0.912408770227769, 0.4085797260218003, 0.023934149147205198]], "fy": 1040.192756666184, "fx": 1040.007303759328}, {"id": 76, "img_name": "DSC05626", "width": 1264, "height": 832, "position": [2.2767475238373236, -1.0278363462585842, 0.7780037110139658], "rotation": [[0.10981747438873639, 0.18090659087149422, -0.9773499515005527], [-0.36277291758721414, 0.9227596822976266, 0.13003991306996426], [0.9253842080909634, 0.34027543858650355, 0.16696314955888664]], "fy": 1040.192756666184, "fx": 1040.007303759328}, {"id": 77, "img_name": "DSC05627", "width": 1264, "height": 832, "position": [2.2602657952766956, -0.20269490389575026, 1.0277217499122064], "rotation": [[0.04636568062120196, 0.5163879254367908, -0.8550986692327499], [-0.3842502417844388, 0.7993741338655537, 0.461901229480174], [0.9220639757354869, 0.3071555055176179, 0.23548571099131188]], "fy": 1040.192756666184, "fx": 1040.007303759328}, {"id": 78, "img_name": "DSC05629", "width": 1264, "height": 832, "position": [1.7605155676842104, -0.7218404935893594, -2.3350932439933803], "rotation": [[0.05777620626640303, -0.2132899328863593, -0.9752790957048109], [-0.40238614474905265, 0.8890680818555492, -0.2182735355916723], [0.913645062649307, 0.4050498121898429, -0.03445793292576477]], "fy": 1040.192756666184, "fx": 1040.007303759328}, {"id": 79, "img_name": "DSC05630", "width": 1264, "height": 832, "position": [1.5984227042192174, -0.13900787538635279, -2.033214868303167], "rotation": [[0.06956016313975676, 0.0027897676942460047, -0.9975738573660513], [-0.3732004545919353, 0.9274548433955934, -0.02342934387533076], [0.925139343232328, 0.3739247660402662, 0.06555505278305353]], "fy": 1040.192756666184, "fx": 1040.007303759328}, {"id": 80, "img_name": "DSC05631", "width": 1264, "height": 832, "position": [1.4507796562491162, 0.47802058559399185, -1.7624249544011876], "rotation": [[0.05232627306632049, 0.344505531102481, -0.937324863740841], [-0.35543132069631744, 0.8835723677017319, 0.3049072765645771], [0.9332365924110885, 0.31719995282747676, 0.16868210489315727]], "fy": 1040.192756666184, "fx": 1040.007303759328}, {"id": 81, "img_name": "DSC05632", "width": 1264, "height": 832, "position": [1.6096313598529035, 1.0973036113772143, -1.5626455627876588], "rotation": [[0.01680894214054364, 0.7091713758091585, -0.7048357391598847], [-0.39096578641095936, 0.6534714043794662, 0.6481673221587061], [0.9202517119354767, 0.2646716520356374, 0.28824590767008396]], "fy": 1040.192756666184, "fx": 1040.007303759328}, {"id": 82, "img_name": "DSC05633", "width": 1264, "height": 832, "position": [3.2706586531953925, 0.09207037163029742, -3.928160444542688], "rotation": [[0.7071411872728394, -0.08028902766820022, -0.7024991197848249], [-0.30882583031922534, 0.8586853649740462, -0.4090061741673712], [0.6360644211005675, 0.5061749855687101, 0.5824164628464036]], "fy": 1040.192756666184, "fx": 1040.007303759328}, {"id": 83, "img_name": "DSC05634", "width": 1264, "height": 832, "position": [3.1866612325882238, 0.5935469293361093, -3.6239639129619663], "rotation": [[0.6888369396059134, 0.05243719516886716, -0.7230172966099643], [-0.27731059764017824, 0.9405789479863664, -0.1959848847266228], [0.669777950570789, 0.3355019868311998, 0.6624469139195314]], "fy": 1040.192756666184, "fx": 1040.007303759328}, {"id": 84, "img_name": "DSC05635", "width": 1264, "height": 832, "position": [3.1438456947357585, 1.3655243030102806, -3.198150062948504], "rotation": [[0.6999782075079565, 0.0960258427191999, -0.7076789855181626], [-0.27148037481983833, 0.9523088696285197, -0.13930621994200942], [0.6605519775927011, 0.28963227437031064, 0.6926645873302985]], "fy": 1040.192756666184, "fx": 1040.007303759328}, {"id": 85, "img_name": "DSC05637", "width": 1264, "height": 832, "position": [3.3099915323032194, 1.153198961647434, -3.0695008356611737], "rotation": [[-0.7001810947702808, -0.08898834342340427, -0.7083978467365986], [-0.6727186077003754, -0.2501295376231591, 0.6963367642614404], [-0.23915708097390612, 0.964114251083959, 0.11527185899801218]], "fy": 1040.192756666184, "fx": 1040.007303759328}, {"id": 86, "img_name": "DSC05638", "width": 1264, "height": 832, "position": [2.1451231088665383, 1.225235074356496, -3.3227891571934824], "rotation": [[0.2962430256919556, 0.9037895701979365, 0.30887616050822747], [-0.9122535475119072, 0.17195728184405015, 0.3717850968943565], [0.28290198794072735, -0.3919121151766488, 0.8754263870805755]], "fy": 1040.192756666184, "fx": 1040.007303759328}, {"id": 87, "img_name": "DSC05639", "width": 1264, "height": 832, "position": [-4.475277679185399, 1.0508362432015539, -3.0758269059275802], "rotation": [[0.6178538413627719, -0.2009034761430712, 0.7601936753136646], [-0.5917608104189991, 0.517816477154449, 0.6178067976638049], [-0.5177603441414922, -0.8315671285356261, 0.20104809567239654]], "fy": 1040.192756666184, "fx": 1040.007303759328}, {"id": 88, "img_name": "DSC05640", "width": 1264, "height": 832, "position": [-3.465308478994813, 1.1047862228165481, -3.323299374986219], "rotation": [[-0.35538222720019796, 0.7576139422000461, -0.5474710834138475], [-0.9188732629607993, -0.17576593562695333, 0.3532396672076269], [0.1713925296096658, 0.6285916404608693, 0.7586152848029843]], "fy": 1040.192756666184, "fx": 1040.007303759328}, {"id": 89, "img_name": "DSC05641", "width": 1264, "height": 832, "position": [-3.060268447466548, 1.0138072046244644, -3.2196471130170283], "rotation": [[-0.12025698904489686, 0.9665450000057443, -0.2265590862220079], [-0.9842370898848588, -0.08627017467307518, 0.15438525790003807], [0.12967500715573416, 0.2415537619781003, 0.9616840294989761]], "fy": 1040.192756666184, "fx": 1040.007303759328}, {"id": 90, "img_name": "DSC05642", "width": 1264, "height": 832, "position": [-3.129977315515846, -1.4652908819589885, 2.5141817599822334], "rotation": [[-0.05283290541390931, -0.9893275730602369, 0.1357926260452552], [-0.6148131394897769, 0.13938013220468667, 0.7762589659754843], [-0.786901193045384, -0.0424750742123627, -0.6156154485183141]], "fy": 1040.192756666184, "fx": 1040.007303759328}, {"id": 91, "img_name": "DSC05643", "width": 1264, "height": 832, "position": [-3.1982855442807585, -1.975917531089793, 2.6145398614736033], "rotation": [[0.5746851178933389, 0.07760785187671937, 0.8146864652116177], [-0.7639648622030399, 0.40779793691244387, 0.5000585285434543], [-0.2934189915308985, -0.9097680275636398, 0.29364507731605993]], "fy": 1040.192756666184, "fx": 1040.007303759328}, {"id": 92, "img_name": "DSC05645", "width": 1264, "height": 832, "position": [3.2410826977786917, -1.050115225611737, 1.6308969713713284], "rotation": [[-0.772087683377672, 0.0009382067909263271, -0.6355153254993278], [-0.5835914594760558, -0.3969420735013771, 0.7084193664144383], [-0.2515981271852122, 0.9178431838023555, 0.3070216154352154]], "fy": 1040.192756666184, "fx": 1040.007303759328}, {"id": 93, "img_name": "DSC05646", "width": 1264, "height": 832, "position": [-0.9694254265708313, -0.9736336289314956, -1.1508650927246267], "rotation": [[0.5446671833379441, -0.19237707494919873, 0.8162896057335908], [-0.3573604266200342, -0.9337856793408756, 0.018380167133266945], [0.7587036212386611, -0.30172067561221255, -0.5773503693836632]], "fy": 1040.192756666184, "fx": 1040.007303759328}, {"id": 94, "img_name": "DSC05647", "width": 1264, "height": 832, "position": [-0.7567421781577223, -1.1147541994441077, -0.8004167581912992], "rotation": [[0.0014821735195362984, 0.179238953367935, 0.9838044524991869], [0.4000843874711154, 0.9015299504307014, -0.16485215005658735], [-0.916477106131692, 0.39384914126094567, -0.0703744830495768]], "fy": 1040.192756666184, "fx": 1040.007303759328}, {"id": 95, "img_name": "DSC05648", "width": 1264, "height": 832, "position": [-0.6659720502146298, -1.1157842009848815, -0.8433563632679908], "rotation": [[0.7459557425973172, 0.10649318275660045, 0.6574262179989888], [0.2730478859595818, 0.851454151294615, -0.4477395227318782], [-0.6074494893067965, 0.5135027071686538, 0.6060693752957459]], "fy": 1040.192756666184, "fx": 1040.007303759328}, {"id": 96, "img_name": "DSC05649", "width": 1264, "height": 832, "position": [-0.9957352068735533, -1.2119326453796966, -0.6560700265773068], "rotation": [[0.9994068326198279, 0.005131859226232281, 0.03405358914542617], [0.014663694040838077, 0.8313018402170369, -0.5556277769593999], [-0.031160214856127726, 0.555797548098811, 0.8307334870687889]], "fy": 1040.192756666184, "fx": 1040.007303759328}, {"id": 97, "img_name": "DSC05650", "width": 1264, "height": 832, "position": [-0.7143675742355121, -1.3391860479619369, -0.5098913561456191], "rotation": [[0.7319622484947316, -0.19149200787419512, -0.6538823118106544], [-0.25228555848461265, 0.8153076480662432, -0.5211769718481409], [0.6329164745514559, 0.5464469323960013, 0.5484637511416374]], "fy": 1040.192756666184, "fx": 1040.007303759328}, {"id": 98, "img_name": "DSC05651", "width": 1264, "height": 832, "position": [-0.7176864858411817, -1.2688411406799585, -0.6057445048322534], "rotation": [[-0.016722867560269715, -0.2150286202361042, -0.9764645606369534], [-0.405200136529667, 0.8942690344133708, -0.18998879821114803], [0.9140750489193435, 0.39248641577605503, -0.1020843689032005]], "fy": 1040.192756666184, "fx": 1040.007303759328}, {"id": 99, "img_name": "DSC05653", "width": 1264, "height": 832, "position": [-1.011417931741682, -0.05018324905508622, -0.8106040657725466], "rotation": [[-0.5647085009103262, 0.11334792678635491, -0.8174696058526251], [-0.2867359244617808, 0.9018706951978297, 0.32312808414997196], [0.7738777801582492, 0.4168710791559166, -0.4767931257272084]], "fy": 1040.192756666184, "fx": 1040.007303759328}, {"id": 100, "img_name": "DSC05654", "width": 1264, "height": 832, "position": [-1.0761796780900559, -1.2536203837998632, -0.7624285992184582], "rotation": [[-0.9981062250147791, -0.02575669180122939, -0.0558619