[{"id": 0, "img_name": "_DSC9040", "width": 5025, "height": 3312, "position": [-0.044550560003616964, 1.4236172811064225, 2.92660596573917], "rotation": [[-0.9982609640488053, -0.010911420501731176, 0.057930894684822855], [-0.023242959401519592, 0.9759623621223222, -0.2166961756904737], [-0.054173909722383416, -0.21766581868371465, -0.974518742191313]], "fy": 4285.457130435278, "fx": 4328.590804346088}, {"id": 1, "img_name": "_DSC9048", "width": 5025, "height": 3312, "position": [3.292456427705207, 0.7163892881023257, 0.7240022951506899], "rotation": [[-0.30653630859891845, -0.014536616794479767, -0.951747959431865], [0.2668928444352941, 0.9584612670153428, -0.10059925059652139], [0.9136759278320656, -0.2848520430039326, -0.2899234597211809]], "fy": 4285.457130435278, "fx": 4328.590804346088}, {"id": 2, "img_name": "_DSC9056", "width": 5025, "height": 3312, "position": [1.4900432977470723, -0.5443408498186911, -3.308949154628798], "rotation": [[0.9088390148525527, 0.048115967370841915, -0.41436276228180746], [0.1084396196500055, 0.9319243303002688, 0.3460605315325017], [0.4028057769843969, -0.3594466528963145, 0.8417515130664349]], "fy": 4285.457130435278, "fx": 4328.590804346088}, {"id": 3, "img_name": "_DSC9064", "width": 5025, "height": 3312, "position": [-2.9567242542305885, -0.12707454396326637, -2.22967964148872], "rotation": [[0.5724871716640235, 0.0338069281644519, 0.8192164121208817], [-0.30510418923317845, 0.9361801281034161, 0.17458007176260548], [-0.7610321096987246, -0.3498912107389313, 0.5462657491140672]], "fy": 4285.457130435278, "fx": 4328.590804346088}, {"id": 4, "img_name": "_DSC9072", "width": 5025, "height": 3312, "position": [-2.5357553472026537, 1.3681572290195356, 2.404896004409216], "rotation": [[-0.719161091210574, -0.01926382557518514, 0.6945762952426646], [-0.21524901439781385, 0.9566189938797144, -0.19633635004586572], [-0.6606626875263854, -0.2907043267183545, -0.6921096789798866]], "fy": 4285.457130435278, "fx": 4328.590804346088}, {"id": 5, "img_name": "_DSC9080", "width": 5025, "height": 3312, "position": [1.4901290247247698, 1.1927856571294362, 3.16263883217051], "rotation": [[-0.9281265247059193, 0.017748577893950603, -0.3718415551280602], [0.08923685082402295, 0.9803471142521037, -0.1759440821186766], [0.36141103828234544, -0.19648033886451566, -0.9114699873541429]], "fy": 4285.457130435278, "fx": 4328.590804346088}, {"id": 6, "img_name": "_DSC9088", "width": 5025, "height": 3312, "position": [4.1786203435845914, 0.06624675558672162, -0.2601244623893696], "rotation": [[0.044562678455645655, 0.12578669760034158, -0.9910559390850038], [0.29032699958880126, 0.9475941587232299, 0.13332495514110823], [0.9558893246598281, -0.29367161432527755, 0.005708059299140355]], "fy": 4285.457130435278, "fx": 4328.590804346088}, {"id": 7, "img_name": "_DSC9096", "width": 5025, "height": 3312, "position": [1.246236703405009, -1.1323496581358594, -3.7059907414477067], "rotation": [[0.9367533369775963, 0.09660138138884286, -0.3363946473639333], [0.04548930626457039, 0.919396170401203, 0.3906934922252611], [0.3470214815784548, -0.381285791717144, 0.856853100804172]], "fy": 4285.457130435278, "fx": 4328.590804346088}, {"id": 8, "img_name": "_DSC9104", "width": 5025, "height": 3312, "position": [-2.9742416312656172, -0.6658335071298704, -2.636021616489883], "rotation": [[0.66114240470871, -0.0430970454106196, 0.7490216054112587], [-0.263318863656859, 0.9215114762273074, 0.28544662412407135], [-0.70253391145086, -0.38595238548070065, 0.5979020483351029]], "fy": 4285.457130435278, "fx": 4328.590804346088}, {"id": 9, "img_name": "_DSC9112", "width": 5025, "height": 3312, "position": [-3.451573458814765, 0.6335592191633329, 1.6408522906428478], "rotation": [[-0.4438595390924775, -0.026656188846545047, 0.8956998141971396], [-0.2801728065312021, 0.9535732011909924, -0.11045971415313664], [-0.8511709041297423, -0.29997932856538695, -0.43072090081213443]], "fy": 4285.457130435278, "fx": 4328.590804346088}, {"id": 10, "img_name": "_DSC9120", "width": 5025, "height": 3312, "position": [0.02476214816289613, 0.9855450319441875, 3.9982291078132985], "rotation": [[-0.9991515762969874, 0.03878684733823777, -0.01384586786032068], [0.04019774934099532, 0.9915940563326002, -0.12298523648706282], [0.00895927068257979, -0.12343746562296432, -0.992311908398471]], "fy": 4285.457130435278, "fx": 4328.590804346088}, {"id": 11, "img_name": "_DSC9128", "width": 5025, "height": 3312, "position": [3.6514884370976564, 0.3346272274081651, 1.731798832827938], "rotation": [[-0.4322008415834413, 0.20348697693715287, -0.8785189142821818], [0.28118378169836306, 0.9560481541407398, 0.08311202003255266], [0.8568186000807708, -0.21110418560763486, -0.4704220545154795]], "fy": 4285.457130435278, "fx": 4328.590804346088}, {"id": 12, "img_name": "_DSC9136", "width": 5025, "height": 3312, "position": [2.8346916128257833, -1.0424564618028258, -2.5426796590064535], "rotation": [[0.6867011316762182, 0.16256356729269497, -0.7085299163364063], [0.2311295703691578, 0.8752710255390378, 0.4248290874608393], [0.6892174384441891, -0.45549283028486226, 0.563476356295023]], "fy": 4285.457130435278, "fx": 4328.590804346088}, {"id": 13, "img_name": "_DSC9144", "width": 5025, "height": 3312, "position": [-1.6391523599891906, -1.222623828655083, -3.193304807308814], "rotation": [[0.897037178327945, -0.06814864614787262, 0.43666928301135444], [-0.1591387599320912, 0.8719573561182467, 0.4629959224426859], [-0.41230953879908544, -0.4848155640441934, 0.7713330753155839]], "fy": 4285.457130435278, "fx": 4328.590804346088}, {"id": 14, "img_name": "_DSC9152", "width": 5025, "height": 3312, "position": [-3.7601468290184297, 0.0166807224183126, 0.5856870687046453], "rotation": [[-0.15367654592759677, -0.22750116083887081, 0.961575135415184], [-0.29939087209247817, 0.9381117207982557, 0.17410199599269635], [-0.9416733111538569, -0.2611314249911369, -0.21227753989207068]], "fy": 4285.457130435278, "fx": 4328.590804346088}, {"id": 15, "img_name": "_DSC9160", "width": 5025, "height": 3312, "position": [-0.9372787672820659, 0.6425455773983495, 3.547802138611758], "rotation": [[-0.963023473726989, -0.03968091626150087, 0.26647929363357864], [-0.03826290338535587, 0.9992123997168553, 0.010513347545211509], [-0.26668659373003023, -7.16709930107986e-05, -0.9637833032315628]], "fy": 4285.457130435278, "fx": 4328.590804346088}, {"id": 16, "img_name": "_DSC9168", "width": 5025, "height": 3312, "position": [3.1223532627389634, 0.09828475965644282, 1.9750184508722088], "rotation": [[-0.5625188445177052, 0.2281492694297363, -0.7946826161563767], [0.2907511198241268, 0.9543661119588425, 0.06818438725674687], [0.7739743767615835, -0.19269985781842028, -0.6031835781196954]], "fy": 4285.457130435278, "fx": 4328.590804346088}, {"id": 17, "img_name": "_DSC9176", "width": 5025, "height": 3312, "position": [2.71220159005376, -1.322829032883963, -2.435248236369341], "rotation": [[0.6901632280179848, 0.21844225175431742, -0.6898968773231969], [0.20697154996772366, 0.8539426525878171, 0.47743557009845905], [0.6934244704333363, -0.47229750024723405, 0.5441484862282178]], "fy": 4285.457130435278, "fx": 4328.590804346088}, {"id": 18, "img_name": "_DSC9184", "width": 5025, "height": 3312, "position": [-2.0835575163295736, -1.3946622991170767, -2.7987320519381247], "rotation": [[0.8241714027069231, -0.16186625815178388, 0.5427161444365213], [-0.18863088588041863, 0.8251130341714841, 0.532547528144011], [-0.5340036402985202, -0.5412834703852203, 0.6495015910955576]], "fy": 4285.457130435278, "fx": 4328.590804346088}, {"id": 19, "img_name": "_DSC9192", "width": 5025, "height": 3312, "position": [-3.4256554040432263, 0.06549361971062637, 1.7905670210305276], "rotation": [[-0.4651958272823857, -0.21234136738391865, 0.8593625462961393], [-0.26120092755784075, 0.9605050794561212, 0.09593783290190652], [-0.8457936614340287, -0.17983641465653777, -0.5022867171661035]], "fy": 4285.457130435278, "fx": 4328.590804346088}, {"id": 20, "img_name": "_DSC9200", "width": 5025, "height": 3312, "position": [1.9232258143531826, 0.13902499905106974, 2.2725494448300436], "rotation": [[-0.7780352409296767, 0.22973802178672692, -0.5847064265227648], [0.21624890905659647, 0.9717949517344, 0.09407965303596387], [0.5898284269203478, -0.05324484133751232, -0.8057713159871176]], "fy": 4285.457130435278, "fx": 4328.590804346088}, {"id": 21, "img_name": "_DSC9208", "width": 5025, "height": 3312, "position": [-2.577924984608997, -0.9179067390259844, -1.1156021501547808], "rotation": [[0.41972539074934934, -0.2148487155505427, 0.8818563521269143], [-0.27929705416365186, 0.8938663412514127, 0.35070802601782497], [-0.863610879908198, -0.3935009446038158, 0.31517178601532947]], "fy": 4285.457130435278, "fx": 4328.590804346088}, {"id": 22, "img_name": "_DSC9041", "width": 5025, "height": 3312, "position": [-0.0475564898497314, 1.5565730196610932, 2.890140035361022], "rotation": [[-0.9986420269500574, -0.0015684970830061801, 0.052073427254030635], [-0.026807764631345463, 0.8725288420600312, -0.4878265711591075], [-0.044670412630180636, -0.4885600880038012, -0.8713860193078421]], "fy": 4285.457130435278, "fx": 4328.590804346088}, {"id": 23, "img_name": "_DSC9042", "width": 5025, "height": 3312, "position": [0.9146153540080442, 1.3773764359748646, 2.798321060991741], "rotation": [[-0.9705532588139106, 0.0051753078453519894, -0.24083103619426513], [0.07603177657319782, 0.9552438281690906, -0.2858817897243272], [0.22857283468693504, -0.29577431418831307, -0.9275084982411813]], "fy": 4285.457130435278, "fx": 4328.590804346088}, {"id": 24, "img_name": "_DSC9043", "width": 5025, "height": 3312, "position": [0.9206723687989224, 1.5282051503532146, 2.764605743613389], "rotation": [[-0.9788877426088508, -0.03123735328552973, -0.2019975621879196], [0.080311088041096, 0.8499934633717009, -0.5206354207725753], [0.1879598800483836, -0.5258662757632363, -0.8295394767623181]], "fy": 4285.457130435278, "fx": 4328.590804346088}, {"id": 25, "img_name": "_DSC9044", "width": 5025, "height": 3312, "position": [1.9880130652352022, 1.2433527267870876, 2.3188707547398066], "rotation": [[-0.8312763390808393, -0.011593848769590229, -0.5557384553502351], [0.15133069636536484, 0.9572979486349961, -0.2463324133702307], [0.5348632240320241, -0.2888705942285167, -0.7940246289430398]], "fy": 4285.457130435278, "fx": 4328.590804346088}, {"id": 26, "img_name": "_DSC9045", "width": 5025, "height": 3312, "position": [2.006163932838629, 1.3799735557958883, 2.301553644827394], "rotation": [[-0.8104927170577994, -0.13544418218979512, -0.5698740467043597], [0.16468623343037156, 0.8809621307635069, -0.4436036166208961], [0.5621209835211477, -0.4533879108132012, -0.6917075987826485]], "fy": 4285.457130435278, "fx": 4328.590804346088}, {"id": 27, "img_name": "_DSC9046", "width": 5025, "height": 3312, "position": [2.784827755332986, 1.0156073633413496, 1.6038320310610406], "rotation": [[-0.5810184901952633, 0.0041788373170257385, -0.8138796295336889], [0.2244479261819487, 0.9620331704023541, -0.15529104120398463], [0.7823302643282053, -0.27290056131175877, -0.5598969915545966]], "fy": 4285.457130435278, "fx": 4328.590804346088}, {"id": 28, "img_name": "_DSC9047", "width": 5025, "height": 3312, "position": [2.8417255447050476, 1.138011942506215, 1.6005766375723491], "rotation": [[-0.5647238102807457, -0.2221302883788595, -0.7948239761649875], [0.20274816477018098, 0.8962381311118032, -0.39452553025570564], [0.7999876247694832, -0.3839470631818231, -0.4610905040116672]], "fy": 4285.457130435278, "fx": 4328.590804346088}, {"id": 29, "img_name": "_DSC9049", "width": 5025, "height": 3312, "position": [3.324366743233619, 0.8194927999557197, 0.6992445476214758], "rotation": [[-0.34653741804070043, -0.2373704980886184, -0.9075059584018424], [0.2929691636728456, 0.8916695906882741, -0.34510057980049685], [0.8911121629932555, -0.3854615255495248, -0.2394546413968934]], "fy": 4285.457130435278, "fx": 4328.590804346088}, {"id": 30, "img_name": "_DSC9050", "width": 5025, "height": 3312, "position": [3.4564280001675334, 0.2873546847085759, -0.4978451251465743], "rotation": [[0.05712606737654759, 0.040602316718421044, -0.9975410088328135], [0.3028850615066637, 0.9513763466251549, 0.05606858833854936], [0.9513134351738098, -0.30534324777088195, 0.04205055408119033]], "fy": 4285.457130435278, "fx": 4328.590804346088}, {"id": 31, "img_name": "_DSC9051", "width": 5025, "height": 3312, "position": [3.5114816098236497, 0.39269224131082164, -0.549662809866228], "rotation": [[0.0758232898116658, -0.2431894883298628, -0.9670107039159367], [0.29091063537571116, 0.9330059597563486, -0.2118274800030316], [0.9537409663778922, -0.2652522418849542, 0.1414899898493516]], "fy": 4285.457130435278, "fx": 4328.590804346088}, {"id": 32, "img_name": "_DSC9052", "width": 5025, "height": 3312, "position": [3.1555495293147593, -0.024605576466352565, -1.6728794705550334], "rotation": [[0.4365370627608002, 0.10943519274602799, -0.8930057846536119], [0.23970119500763418, 0.9425509291199837, 0.2326823653115282], [0.8671670715312506, -0.31562903003953074, 0.38522666762338714]], "fy": 4285.457130435278, "fx": 4328.590804346088}, {"id": 33, "img_name": "_DSC9053", "width": 5025, "height": 3312, "position": [3.2000325877606453, 0.07751697325366025, -1.7292682767806926], "rotation": [[0.4022043685220938, -0.16410811483224147, -0.9007220284793481], [0.2453253427054745, 0.9671460124424383, -0.06666383459667238], [0.8820697943860142, -0.1941574548218503, 0.429250230715041]], "fy": 4285.457130435278, "fx": 4328.590804346088}, {"id": 34, "img_name": "_DSC9054", "width": 5025, "height": 3312, "position": [2.4638278337134403, -0.3365950897763855, -2.624897900084685], "rotation": [[0.7186954640852007, 0.09198605239506902, -0.6892136069957773], [0.18797112116541348, 0.9286012508782509, 0.31994776835471955], [0.6694353497621525, -0.3594972642901745, 0.6500907855497607]], "fy": 4285.457130435278, "fx": 4328.590804346088}, {"id": 35, "img_name": "_DSC9055", "width": 5025, "height": 3312, "position": [2.5054052062618064, -0.23659084733276914, -2.682919054957845], "rotation": [[0.7177203101188673, -0.13176943174894565, -0.6837502272756018], [0.1831998528899945, 0.9830715648015979, 0.002848223941722206], [0.6718000970109795, -0.12730716922113133, 0.7297105688702479]], "fy": 4285.457130435278, "fx": 4328.590804346088}, {"id": 36, "img_name": "_DSC9057", "width": 5025, "height": 3312, "position": [1.5275513891383405, -0.4856797529309283, -3.379793837150862], "rotation": [[0.8954159272613633, -0.07786333201380287, -0.4383692721147103], [0.11811725261701402, 0.990852131077923, 0.06527150199395496], [0.42927687084314364, -0.1102241165355689, 0.8964217825851134]], "fy": 4285.457130435278, "fx": 4328.590804346088}, {"id": 37, "img_name": "_DSC9058", "width": 5025, "height": 3312, "position": [0.19159582314058185, -0.6364417265040307, -3.6619882074988035], "rotation": [[0.9990165931418968, 0.006058611997201043, -0.043921974543787844], [0.009076612270409968, 0.9416942062957244, 0.3363474943250779], [0.04339886792129973, -0.33641539062553755, 0.9407131460830217]], "fy": 4285.457130435278, "fx": 4328.590804346088}, {"id": 38, "img_name": "_DSC9059", "width": 5025, "height": 3312, "position": [0.18990155739004166, -0.5505479911154407, -3.7316150377822517], "rotation": [[0.989914777864556, -0.0038682475763538275, -0.14161133155950145], [0.015570569243564173, 0.996541684925302, 0.08162246982094791], [0.1408058590357603, -0.0830042581252806, 0.9865515714823394]], "fy": 4285.457130435278, "fx": 4328.590804346088}, {"id": 39, "img_name": "_DSC9060", "width": 5025, "height": 3312, "position": [-1.0377948760108087, -0.6073702198866513, -3.6177247609449266], "rotation": [[0.9558890943715889, 0.05640133649694422, 0.2882619095593831], [-0.1519810181648197, 0.9347788145857421, 0.3210768411443895], [-0.25135196314938196, -0.35072418941817124, 0.9021168070587746]], "fy": 4285.457130435278, "fx": 4328.590804346088}, {"id": 40, "img_name": "_DSC9061", "width": 5025, "height": 3312, "position": [-1.0498093209686252, -0.5017546441467299, -3.699919963055816], "rotation": [[0.9603486642040815, 0.12504839622869482, 0.24918535623520832], [-0.14482898088956755, 0.9874730872873432, 0.0626216270763733], [-0.2382330989932457, -0.0962278571092303, 0.9664290921015573]], "fy": 4285.457130435278, "fx": 4328.590804346088}, {"id": 41, "img_name": "_DSC9062", "width": 5025, "height": 3312, "position": [-2.2185294823008226, -0.43087463148632954, -3.1376424480905682], "rotation": [[0.7932262030230651, 0.02776709727736781, 0.6082936619318009], [-0.24470934221321494, 0.9292804216828712, 0.27668616826737286], [-0.5575926189174195, -0.3683298605675278, 0.7439244485450919]], "fy": 4285.457130435278, "fx": 4328.590804346088}, {"id": 42, "img_name": "_DSC9063", "width": 5025, "height": 3312, "position": [-2.2357422207123756, -0.36365042164440203, -3.182084488120476], "rotation": [[0.7819458101484316, 0.1426526840932565, 0.6068038906535643], [-0.22401067907428499, 0.9727387944595517, 0.0599871103992807], [-0.5817043627582579, -0.18283722124985202, 0.7925847493319825]], "fy": 4285.457130435278, "fx": 4328.590804346088}, {"id": 43, "img_name": "_DSC9065", "width": 5025, "height": 3312, "position": [-2.9742995556451506, -0.01758430383803131, -2.2826867700162814], "rotation": [[0.5698640525931787, 0.24887760844078088, 0.7831442380423135], [-0.2976844028574415, 0.9508233141466149, -0.08555128035661401], [-0.7659235979244188, -0.1843772255243169, 0.6159270093529491]], "fy": 4285.457130435278, "fx": 4328.590804346088}, {"id": 44, "img_name": "_DSC9066", "width": 5025, "height": 3312, "position": [-3.3805778605974046, 0.21901113196511857, -1.1149361857303286], "rotation": [[0.30894346398997286, -0.053107189269951165, 0.949596526165572], [-0.3310826758980455, 0.9299849717355829, 0.1597254333728864], [-0.8915930673676561, -0.3637410875799051, 0.2697299082936886]], "fy": 4285.457130435278, "fx": 4328.590804346088}, {"id": 45, "img_name": "_DSC9067", "width": 5025, "height": 3312, "position": [-3.41219499455068, 0.3165043642550739, -1.1571701881413454], "rotation": [[0.3143925552976366, 0.2143728123099644, 0.9247711168260714], [-0.32249023092861184, 0.9403513856478083, -0.10834815395685224], [-0.8928366995867907, -0.2641657980370736, 0.3647726127581442]], "fy": 4285.457130435278, "fx": 4328.590804346088}, {"id": 46, "img_name": "_DSC9068", "width": 5025, "height": 3312, "position": [-3.555773365542496, 0.6092674977813631, 0.07804256383278624], "rotation": [[-0.0959097619686361, -0.07129359162751411, 0.9928335919739866], [-0.338709150409734, 0.9402474392950082, 0.03479747588397748], [-0.9359900795349465, -0.33294440480661186, -0.11432669994421764]], "fy": 4285.457130435278, "fx": 4328.590804346088}, {"id": 47, "img_name": "_DSC9069", "width": 5025, "height": 3312, "position": [-3.581723618843435, 0.6921972580792314, 0.056315651814191695], "rotation": [[-0.10969444430333247, 0.19730883332423504, 0.9741849686693035], [-0.32026133122911477, 0.9208144339511092, -0.22256113305483846], [-0.9409568579952736, -0.3364074947433953, -0.03781783801507152]], "fy": 4285.457130435278, "fx": 4328.590804346088}, {"id": 48, "img_name": "_DSC9070", "width": 5025, "height": 3312, "position": [-3.2809287721036338, 1.0540733578373283, 1.4396470587747094], "rotation": [[-0.47637207787574337, -0.058920077791514314, 0.8772673867489821], [-0.27601565273248907, 0.9573352450360894, -0.08558380722045897], [-0.834796384076383, -0.2829092664525724, -0.4723106436321997]], "fy": 4285.457130435278, "fx": 4328.590804346088}, {"id": 49, "img_name": "_DSC9071", "width": 5025, "height": 3312, "position": [-3.310055881990111, 1.1594576845532258, 1.424317872248469], "rotation": [[-0.4660047894612833, 0.2266556792250529, 0.8552582880476371], [-0.27902137680854616, 0.8796613133546486, -0.38515327477646877], [-0.8396348060216469, -0.41811861578050397, -0.34668460544821855]], "fy": 4285.457130435278, "fx": 4328.590804346088}, {"id": 50, "img_name": "_DSC9073", "width": 5025, "height": 3312, "position": [-2.551048722448339, 1.4852292907832412, 2.390964904901166], "rotation": [[-0.6893066406725045, 0.1581879668550114, 0.7069886295175226], [-0.21138701278581656, 0.8894893536751846, -0.40512247595510126], [-0.6929443599238513, -0.42870182742878565, -0.579692036523656]], "fy": 4285.457130435278, "fx": 4328.590804346088}, {"id": 51, "img_name": "_DSC9074", "width": 5025, "height": 3312, "position": [-1.6177316673127449, 1.5412214909920448, 3.0196534042361365], "rotation": [[-0.8683621609093158, -0.003927601206640066, 0.4959150445889539], [-0.17228761117623423, 0.9400757752628791, -0.29423547678531836], [-0.46504208039282774, -0.34094297281606856, -0.8170029086553191]], "fy": 4285.457130435278, "fx": 4328.590804346088}, {"id": 52, "img_name": "_DSC9075", "width": 5025, "height": 3312, "position": [-1.6378373353325792, 1.643005447781724, 3.005087004129126], "rotation": [[-0.8695897542574682, 0.1617646410818416, 0.4665253049793741], [-0.16460957205791993, 0.7957948921266499, -0.5827642563267258], [-0.46552910551043264, -0.5835603572560395, -0.665387076341177]], "fy": 4285.457130435278, "fx": 4328.590804346088}, {"id": 53, "img_name": "_DSC9076", "width": 5025, "height": 3312, "position": [-0.7265068610664556, 1.1991243628362147, 3.292266982904643], "rotation": [[-0.9853850005494997, -0.01777799226289669, 0.16941175780671866], [-0.039342533592260476, 0.9914017278734345, -0.12479895440311346], [-0.1657364345658605, -0.1296401055255237, -0.9776118234231452]], "fy": 4285.457130435278, "fx": 4328.590804346088}, {"id": 54, "img_name": "_DSC9077", "width": 5025, "height": 3312, "position": [-0.7292662617635651, 1.4356483729287328, 3.2971869572732295], "rotation": [[-0.9736330445491507, 0.12148323405853202, 0.19308163663236083], [-0.023411493951388692, 0.788722364461048, -0.6143036169110008], [-0.22691539505488648, -0.6026266303787557, -0.7650820530148583]], "fy": 4285.457130435278, "fx": 4328.590804346088}, {"id": 55, "img_name": "_DSC9078", "width": 5025, "height": 3312, "position": [0.4364253853620134, 1.2393066632657908, 3.4014839246265582], "rotation": [[-0.9967484692263564, 0.031524529709080505, -0.07415317337468691], [0.040856387894912666, 0.9909446796838532, -0.1279038598887689], [0.0694495836063508, -0.13051760736730766, -0.9890105709768816]], "fy": 4285.457130435278, "fx": 4328.590804346088}, {"id": 56, "img_name": "_DSC9079", "width": 5025, "height": 3312, "position": [0.4545334812383045, 1.4843765862751004, 3.4765144486877855], "rotation": [[-0.9981041524826996, -0.0319724496261162, -0.052591475180830925], [-0.0011391406438160778, 0.8639353036691919, -0.5036015224685231], [0.06153700638952224, -0.502586861685546, -0.8623338351854742]], "fy": 4285.457130435278, "fx": 4328.590804346088}, {"id": 57, "img_name": "_DSC9081", "width": 5025, "height": 3312, "position": [1.5351893612321719, 1.3945855206976434, 3.195706685775251], "rotation": [[-0.9254134057132316, -0.08219069029154666, -0.3699388043388212], [0.12584475490807415, 0.8541477663179251, -0.5045737715698525], [0.3574536699886635, -0.5134941905450323, -0.7800965261351556]], "fy": 4285.457130435278, "fx": 4328.590804346088}, {"id": 58, "img_name": "_DSC9082", "width": 5025, "height": 3312, "position": [2.459930546030201, 0.9551823886739333, 2.6254290750754534], "rotation": [[-0.7593492071131906, 0.036089076059329254, -0.6496817376575644], [0.1898370251517871, 0.9673095901647912, -0.16814892404277618], [0.6223750360820139, -0.25101740052117405, -0.7413768131641992]], "fy": 4285.457130435278, "fx": 4328.590804346088}, {"id": 59, "img_name": "_DSC9083", "width": 5025, "height": 3312, "position": [2.540946152552405, 1.182626527389505, 2.652024978406285], "rotation": [[-0.7941051351781666, -0.14230051669639956, -0.5908871273192561], [0.22312948983508524, 0.8360615088207566, -0.5012129130761643], [0.5653408397149455, -0.529860091360255, -0.6321692957856322]], "fy": 4285.457130435278, "fx": 4328.590804346088}, {"id": 60, "img_name": "_DSC9084", "width": 5025, "height": 3312, "position": [3.4240926322136693, 0.7439487577435918, 1.7666804974408414], "rotation": [[-0.5392373609903801, 0.054164753953357736, -0.8404101664909235], [0.26436098271716824, 0.9583738126968881, -0.10785595001502174], [0.7995851044941634, -0.2803316153522503, -0.5311100131847021]], "fy": 4285.457130435278, "fx": 4328.590804346088}, {"id": 61, "img_name": "_DSC9085", "width": 5025, "height": 3312, "position": [3.564795619751783, 0.9866847587701393, 1.7643302271472083], "rotation": [[-0.5693400623304973, -0.20870492687941633, -0.7951692567760417], [0.25105812766210317, 0.8768933650326346, -0.40991199408719625], [0.7828292980978063, -0.433013025044282, -0.4468534549286773]], "fy": 4285.457130435278, "fx": 4328.590804346088}, {"id": 62, "img_name": "_DSC9086", "width": 5025, "height": 3312, "position": [3.9017365862477407, 0.27445977918927966, 0.7336425784471357], "rotation": [[-0.2400239661132578, 0.14597631023048901, -0.959728822398678], [0.27931180266930095, 0.9572087647480284, 0.07573834946167407], [0.929716845378681, -0.24988456843319723, -0.27052595047068523]], "fy": 4285.457130435278, "fx": 4328.590804346088}, {"id": 63, "img_name": "_DSC9087", "width": 5025, "height": 3312, "position": [4.06762441071488, 0.5769528457300186, 0.6574992880805054], "rotation": [[-0.3079693134206078, -0.19612243440576319, -0.9309623476349602], [0.3418194894975742, 0.8903761954163195, -0.30064874394478674], [0.8878706767265473, -0.4108116616634894, -0.20717007518081734]], "fy": 4285.457130435278, "fx": 4328.590804346088}, {"id": 64, "img_name": "_DSC9089", "width": 5025, "height": 3312, "position": [4.304478845179782, 0.23763032318645758, -0.3213789750166174], "rotation": [[-0.042031669363400956, -0.2118871162566544, -0.9763898753750799], [0.270011215245249, 0.9384810930931519, -0.21528395562249192], [0.9619393340602663, -0.27268496084515237, 0.01776597074657624]], "fy": 4285.457130435278, "fx": 4328.590804346088}, {"id": 65, "img_name": "_DSC9090", "width": 5025, "height": 3312, "position": [3.9251525235358677, -0.338436650440625, -1.346696806317521], "rotation": [[0.3143960226212616, 0.1706357965543041, -0.9338300519335457], [0.2691776463290868, 0.9273117660458984, 0.26006976615817945], [0.910328806353322, -0.3331310755350139, 0.24561178887875185]], "fy": 4285.457130435278, "fx": 4328.590804346088}, {"id": 66, "img_name": "_DSC9091", "width": 5025, "height": 3312, "position": [4.02856442469194, -0.15445680685812851, -1.4565571473425876], "rotation": [[0.34186485000613337, -0.2740148843252728, -0.8989128253053746], [0.28104079608097154, 0.9425795771634785, -0.18044337519701822], [0.8967410413650406, -0.19094392863488877, 0.39924418699464725]], "fy": 4285.457130435278, "fx": 4328.590804346088}, {"id": 67, "img_name": "_DSC9092", "width": 5025, "height": 3312, "position": [3.309339656682874, -0.6478501260951829, -2.355696893394775], "rotation": [[0.5777602573994134, 0.11221994027928978, -0.8084551749933179], [0.2124515378181109, 0.9356841448213793, 0.2817082270871836], [0.7880719694599495, -0.33451736297776397, 0.5167598134703582]], "fy": 4285.457130435278, "fx": 4328.590804346088}, {"id": 68, "img_name": "_DSC9093", "width": 5025, "height": 3312, "position": [3.4278965132654617, -0.46711952448257305, -2.5171791569652733], "rotation": [[0.5985309931958319, -0.23175214944795844, -0.7668452199826652], [0.26535818206107015, 0.9605551745114272, -0.083179275859829], [0.7558741200737429, -0.15370327890312785, 0.636419371685976]], "fy": 4285.457130435278, "fx": 4328.590804346088}, {"id": 69, "img_name": "_DSC9094", "width": 5025, "height": 3312, "position": [2.529980343925446, -0.8934281599148263, -3.131160950904284], "rotation": [[0.777591569910637, 0.08538869733759698, -0.6229447172670292], [0.15457056136561295, 0.9343736408893304, 0.3210200005768109], [0.6094746032141372, -0.34591136086894375, 0.7133624874205017]], "fy": 4285.457130435278, "fx": 4328.590804346088}, {"id": 70, "img_name": "_DSC9095", "width": 5025, "height": 3312, "position": [2.5998871126509555, -0.7300286451715307, -3.2817357707319657], "rotation": [[0.747223999109287, -0.2036667747753942, -0.6325947676101288], [0.19214796900913714, 0.9774372657090605, -0.08772428175174327], [0.6361882214885684, -0.0560021111725659, 0.7694987396893046]], "fy": 4285.457130435278, "fx": 4328.590804346088}, {"id": 71, "img_name": "_DSC9097", "width": 5025, "height": 3312, "position": [1.2924571044288529, -0.8830175450650889, -3.9431771992221143], "rotation": [[0.9280930639228977, -0.036179742449041256, -0.37058641493520705], [0.06240685345631958, 0.996303968918589, 0.05902360679210293], [0.3670812571351061, -0.07790653216122746, 0.9269206669973012]], "fy": 4285.457130435278, "fx": 4328.590804346088}, {"id": 72, "img_name": "_DSC9098", "width": 5025, "height": 3312, "position": [0.16120901791027187, -1.1694905110853262, -3.8886198189193175], "rotation": [[0.9979254888033979, 0.048538357377618004, -0.04229357704879199], [-0.02716195212155418, 0.9130409151160421, 0.40696254825352984], [0.058369059898595824, -0.40496952377573164, 0.912465198053828]], "fy": 4285.457130435278, "fx": 4328.590804346088}, {"id": 73, "img_name": "_DSC9099", "width": 5025, "height": 3312, "position": [0.16658678307522437, -0.9474658173615976, -4.129904311364523], "rotation": [[0.9978498532464334, 0.008756103709915725, -0.06495383763791321], [-0.0030820481345826783, 0.9962082514987702, 0.08694607883659305], [0.06546885790486423, -0.08655894115332131, 0.9940932442940393]], "fy": 4285.457130435278, "fx": 4328.590804346088}, {"id": 74, "img_name": "_DSC9100", "width": 5025, "height": 3312, "position": [-0.9778102598921187, -1.1039974111016746, -3.9106980824455797], "rotation": [[0.9677133160461875, 0.034070169095483514, 0.24974018804488896], [-0.12811169980280515, 0.9197779951371169, 0.37093912173722243], [-0.2170675708633771, -0.39095736754709104, 0.8944462009758449]], "fy": 4285.457130435278, "fx": 4328.590804346088}, {"id": 75, "img_name": "_DSC9101", "width": 5025, "height": 3312, "position": [-1.0054781988693193, -0.910301230585422, -4.110474976663736], "rotation": [[0.9724082536950563, 0.11052407606006703, 0.20544249014456467], [-0.14081096745825397, 0.9802076309823929, 0.13915915926505049], [-0.18599585906466187, -0.16424807084088894, 0.9687249927796046]], "fy": 4285.457130435278, "fx": 4328.590804346088}, {"id": 76, "img_name": "_DSC9102", "width": 5025, "height": 3312, "position": [-2.1150762553617413, -0.9180338836125056, -3.500646604250282], "rotation": [[0.843026898453028, 0.011259211124111405, 0.5377535482444821], [-0.20768879160672166, 0.9290559103763022, 0.30613801011275943], [-0.49615623983338913, -0.3697679617810647, 0.7855575345668]], "fy": 4285.457130435278, "fx": 4328.590804346088}, {"id": 77, "img_name": "_DSC9103", "width": 5025, "height": 3312, "position": [-2.1978554734402964, -0.7067198196602498, -3.7009684672676357], "rotation": [[0.8566741789302414, 0.12210553660908137, 0.5011981535117671], [-0.21065678435739937, 0.9696862541503427, 0.12382361534084421], [-0.47088541106982346, -0.21165728534894684, 0.8564275352884901]], "fy": 4285.457130435278, "fx": 4328.590804346088}, {"id": 78, "img_name": "_DSC9105", "width": 5025, "height": 3312, "position": [-3.074486963496251, -0.46994886831876076, -2.775598983359073], "rotation": [[0.6851612518052667, 0.17898673102099433, 0.7060579361093945], [-0.25305702369408367, 0.9674513125637164, 0.00031714008603531276], [-0.6830199131677872, -0.1788902119657765, 0.7081540018097109]], "fy": 4285.457130435278, "fx": 4328.590804346088}, {"id": 79, "img_name": "_DSC9106", "width": 5025, "height": 3312, "position": [-3.496894472026653, -0.43750243780280695, -1.6122344892097444], "rotation": [[0.412241101046263, -0.03381295428881312, 0.910447120227434], [-0.31302891834319463, 0.9332190078396537, 0.17639495369103353], [-0.8556109927350481, -0.3577135271820663, 0.3741267988021049]], "fy": 4285.457130435278, "fx": 4328.590804346088}, {"id": 80, "img_name": "_DSC9107", "width": 5025, "height": 3312, "position": [-3.597255791814734, -0.1536152295686013, -1.742421037601698], "rotation": [[0.43936623892158255, 0.17819938985001327, 0.8804557260606497], [-0.28816835515030775, 0.9562867944783201, -0.0497450077529908], [-0.8508327139842878, -0.23186320140001093, 0.47151155728218264]], "fy": 4285.457130435278, "fx": 4328.590804346088}, {"id": 81, "img_name": "_DSC9108", "width": 5025, "height": 3312, "position": [-3.8311143069391487, 0.012174437028965535, -0.6176233194648658], "rotation": [[0.13008650646914546, -0.10358728654782055, 0.9860766577200339], [-0.3367124556748846, 0.930807952709716, 0.1422015378458902], [-0.9325782664356069, -0.35052279417750715, 0.08620642513148993]], "fy": 4285.457130435278, "fx": 4328.590804346088}, {"id": 82, "img_name": "_DSC9109", "width": 5025, "height": 3312, "position": [-3.9307647477814163, 0.18695741149238054, -0.6738426848988145], "rotation": [[0.16500251567771151, 0.27304448457245695, 0.9477451552313986], [-0.3266817369861658, 0.9218053232667398, -0.20869592405412007], [-0.9306198002082957, -0.27517568105060214, 0.2412988437987408]], "fy": 4285.457130435278, "fx": 4328.590804346088}, {"id": 83, "img_name": "_DSC9110", "width": 5025, "height": 3312, "position": [-3.8262881693487394, 0.3791600156815937, 0.5045556363832682], "rotation": [[-0.16257844320218706, -0.022545349936652085, 0.9864380147795332], [-0.3268215269886241, 0.9445347448266372, -0.03227700903279288], [-0.9309972821135283, -0.3276367241496485, -0.16092929405707926]], "fy": 4285.457130435278, "fx": 4328.590804346088}, {"id": 84, "img_name": "_DSC9111", "width": 5025, "height": 3312, "position": [-3.9136496730786563, 0.5462517269623292, 0.47450722634327347], "rotation": [[-0.13430001221874535, 0.27650070615267397, 0.9515833469618501], [-0.32694173234752766, 0.8941482761123245, -0.30595418607196034], [-0.9354531577623978, -0.35220195885660655, -0.02968450454238529]], "fy": 4285.457130435278, "fx": 4328.590804346088}, {"id": 85, "img_name": "_DSC9113", "width": 5025, "height": 3312, "position": [-3.5408178419790164, 0.8846861807346375, 1.6099169765919563], "rotation": [[-0.40851131180840583, 0.3133123763004891, 0.8572945018962366], [-0.30160347281108946, 0.8401474115682264, -0.4507634324382355], [-0.8614835188863835, -0.4427049600943613, -0.2487136204452504]], "fy": 4285.457130435278, "fx": 4328.590804346088}, {"id": 86, "img_name": "_DSC9114", "width": 5025, "height": 3312, "position": [-2.936152336702897, 1.0158730244507237, 2.5568552855056597], "rotation": [[-0.6779732938799661, -0.04072681302392696, 0.733957450732986], [-0.253025051852675, 0.9503795394577012, -0.18098909943728378], [-0.6901670347970124, -0.3084153979312349, -0.6546368507794361]], "fy": 4285.457130435278, "fx": 4328.590804346088}, {"id": 87, "img_name": "_DSC9115", "width": 5025, "height": 3312, "position": [-3.011585231950962, 1.2271487485891819, 2.5683743335842273], "rotation": [[-0.6510356060388925, 0.20678310009650772, 0.7303378596129664], [-0.24314144129580129, 0.8546658273196953, -0.458724931888971], [-0.7190513745165724, -0.47622166385667325, -0.5061403438567306]], "fy": 4285.457130435278, "fx": 4328.590804346088}, {"id": 88, "img_name": "_DSC9116", "width": 5025, "height": 3312, "position": [-2.0528108129913587, 1.1806039270744366, 3.1933503931012663], "rotation": [[-0.8432241463595541, -0.012041317656638791, 0.5374272468579282], [-0.15487515105445393, 0.9627998852217214, -0.22142734384646368], [-0.5147686146047181, -0.2699470090334988, -0.8137210122221293]], "fy": 4285.457130435278, "fx": 4328.590804346088}, {"id": 89, "img_name": "_DSC9117", "width": 5025, "height": 3312, "position": [-2.0897156843259346, 1.419412472127573, 3.2040938632142084], "rotation": [[-0.8416772368083202, 0.1351483580658979, 0.5227947497353067], [-0.1554219102693536, 0.8665680464765437, -0.4742402878647613], [-0.5171300212199397, -0.4804110137558449, -0.7083655828843929]], "fy": 4285.457130435278, "fx": 4328.590804346088}, {"id": 90, "img_name": "_DSC9118", "width": 5025, "height": 3312, "position": [-1.1055661196679372, 1.0101721257165037, 3.8269316944751313], "rotation": [[-0.9620327523506503, -0.032546757188178295, 0.2709865162718716], [-0.054184514889230796, 0.9958771212486001, -0.07275161661310203], [-0.26750144252106434, -0.08467271089397588, -0.9598299382072921]], "fy": 4285.457130435278, "fx": 4328.590804346088}, {"id": 91, "img_name": "_DSC9119", "width": 5025, "height": 3312, "position": [-1.1039301035094085, 1.1536833790061671, 3.774978385389255], "rotation": [[-0.9516571501854469, 0.02054912925790516, 0.306474145382046], [-0.08177587456619831, 0.9448002717820835, -0.3172777218454435], [-0.2960766367679945, -0.32700180385931077, -0.8974455111219344]], "fy": 4285.457130435278, "fx": 4328.590804346088}, {"id": 92, "img_name": "_DSC9121", "width": 5025, "height": 3312, "position": [0.024668268858292253, 1.1450122891088133, 3.963133473974607], "rotation": [[-0.9989324913590119, 0.01401898294506077, -0.044015290802901834], [0.02582044193064239, 0.9595412194759949, -0.28038179845529687], [0.03830381816195671, -0.2812189827229067, -0.9588788772678797]], "fy": 4285.457130435278, "fx": 4328.590804346088}, {"id": 93, "img_name": "_DSC9122", "width": 5025, "height": 3312, "position": [1.2589565072894204, 0.9249789673438109, 3.726389499257318], "rotation": [[-0.9509991097680818, 0.09542271600644264, -0.29410066047234407], [0.1336018447155102, 0.9846237947218087, -0.11254567942057124], [0.27883909393936845, -0.14632323170836234, -0.9491250031231359]], "fy": 4285.457130435278, "fx": 4328.590804346088}, {"id": 94, "img_name": "_DSC9123", "width": 5025, "height": 3312, "position": [1.2636489355549456, 1.004109155528531, 3.7060249662560363], "rotation": [[-0.9598590275768283, 0.021273310038218595, -0.2796749782502583], [0.12501701951598415, 0.9250424607461073, -0.3587020917810861], [0.25108044927991635, -0.37926757322081267, -0.8905698826552524]], "fy": 4285.457130435278, "fx": 4328.590804346088}, {"id": 95, "img_name": "_DSC9124", "width": 5025, "height": 3312, "position": [2.355789077206321, 0.7198401958460946, 3.2929105967944516], "rotation": [[-0.8430225062703978, 0.12976698766738376, -0.521990021775618], [0.19403135069737795, 0.9784866921436165, -0.07011154144928468], [0.5016621262046081, -0.16038803636673377, -0.8500651674561752]], "fy": 4285.457130435278, "fx": 4328.590804346088}, {"id": 96, "img_name": "_DSC9125", "width": 5025, "height": 3312, "position": [2.3455212234033684, 0.8867425079059463, 3.2221234200611093], "rotation": [[-0.8284928219282105, -0.0064403451519369544, -0.5599626469397344], [0.1784032803559312, 0.9447986753587896, -0.2748230932773288], [0.5308219226554917, -0.3275881331712129, -0.781609942000309]], "fy": 4285.457130435278, "fx": 4328.590804346088}, {"id": 97, "img_name": "_DSC9126", "width": 5025, "height": 3312, "position": [3.1276359780469365, 0.6095336943578374, 2.560706862441903], "rotation": [[-0.6594713950830094, 0.16953154724852948, -0.7323636620933538], [0.2606279467427512, 0.9653741454226132, -0.01121751871926273], [0.7051032211271809, -0.19827207023955487, -0.6808212935264247]], "fy": 4285.457130435278, "fx": 4328.590804346088}, {"id": 98, "img_name": "_DSC9127", "width": 5025, "height": 3312, "position": [3.132743870633229, 0.7346398489613968, 2.5226634574811997], "rotation": [[-0.6386639963161781, -0.0622177573621007, -0.7669662642374043], [0.24348440166228102, 0.9291714140405376, -0.27812915970295], [0.7299477008365807, -0.3643754025709458, -0.5782792751298037]], "fy": 4285.457130435278, "fx": 4328.590804346088}, {"id": 99, "img_name": "_DSC9129", "width": 5025, "height": 3312, "position": [3.6496553571960657, 0.44629059652374675, 1.6784763766615345], "rotation": [[-0.4451688276456777, 0.010933126156928335, -0.8953799091140078], [0.26183290424332384, 0.9578126819314849, -0.1184837397566541], [0.856310834421753, -0.2871851895269894, -0.42925100089372864]], "fy": 4285.457130435278, "fx": 4328.590804346088}, {"id": 100, "img_name