[{"id": 0, "img_name": "IMG_6292", "width": 1332, "height": 876, "position": [-1.4759880629577484, 1.6090724813669521, -2.7727036587765035], "rotation": [[0.5408209248789425, -0.8404510054983934, -0.03398285699915072], [0.003746154845639685, 0.042807333797130434, -0.999076322658611], [0.8411294154510098, 0.540194075800467, 0.026299561462536303]], "fy": 1034.9718637370904, "fx": 1035.4965990500061}, {"id": 1, "img_name": "IMG_6301", "width": 1332, "height": 876, "position": [-3.1787922384668925, 1.290120789003639, -4.440924564637948], "rotation": [[0.5204293087416605, -0.5668680280791242, -0.6386031422913315], [-0.009202416665411292, 0.7440955419142596, -0.6680098352800209], [0.8538551692940634, 0.3535285890066176, 0.3820325727275051]], "fy": 1034.9718637370904, "fx": 1035.4965990500061}, {"id": 2, "img_name": "IMG_6313", "width": 1332, "height": 876, "position": [-2.6667353284274884, -1.3487402559980937, -4.823106954253097], "rotation": [[-0.017987001443130163, -0.794963604290659, 0.6063904151883419], [0.9998161442980168, -0.01833129188659457, 0.005625063449959836], [0.006644198983506988, 0.6063801048772735, 0.7951471706727594]], "fy": 1034.9718637370904, "fx": 1035.4965990500061}, {"id": 3, "img_name": "IMG_6322", "width": 1332, "height": 876, "position": [-1.5460783120731743, -1.385990929692631, -2.8347116431472275], "rotation": [[-0.5625770331388165, -0.8222191276157903, 0.08638742945276094], [-0.019543016718953282, 0.1176875243931226, 0.9928583570176266], [-0.8265138548640606, 0.5568710378399536, -0.08227694046817366]], "fy": 1034.9718637370904, "fx": 1035.4965990500061}, {"id": 4, "img_name": "IMG_6332", "width": 1332, "height": 876, "position": [0.3673727539612234, -1.01959235675161, 0.39185950095615324], "rotation": [[-0.5505189690437776, -0.8311700801723819, -0.07800745188257413], [0.06231560700120797, -0.13409512537463758, 0.9890072105272192], [-0.8324936215053225, 0.539606148201627, 0.12561677824222636]], "fy": 1034.9718637370904, "fx": 1035.4965990500061}, {"id": 5, "img_name": "IMG_6340", "width": 1332, "height": 876, "position": [2.4677435249123016, -1.444757025261709, 3.421889871435958], "rotation": [[-0.5616828726900155, -0.8266361753658873, 0.0344235980564184], [0.03556420825004634, 0.017445126905416643, 0.9992151193005444], [-0.826587888623006, 0.5624662666540207, 0.019600032093058054]], "fy": 1034.9718637370904, "fx": 1035.4965990500061}, {"id": 6, "img_name": "IMG_6349", "width": 1332, "height": 876, "position": [2.9500940215387583, 1.1726670013091807, 3.8397100330239056], "rotation": [[-0.07300609851393519, -0.8637247511965265, -0.49864783540116936], [-0.9938511113616618, 0.02127183797146555, 0.10866221677522153], [-0.08324709018916569, 0.5035147098941736, -0.8599667777857598]], "fy": 1034.9718637370904, "fx": 1035.4965990500061}, {"id": 7, "img_name": "IMG_6358", "width": 1332, "height": 876, "position": [1.1453758633309632, 1.603154906880627, 1.6365305913220167], "rotation": [[0.5379758391385285, -0.8362269109196748, -0.10633226207005259], [-0.017095162996978108, 0.11529258926078725, -0.9931844613482681], [0.8427868959026966, 0.5361270113651069, 0.04772919210939443]], "fy": 1034.9718637370904, "fx": 1035.4965990500061}, {"id": 8, "img_name": "IMG_6366", "width": 1332, "height": 876, "position": [0.2151087637293068, 0.7248286856499391, -0.5788117784278548], "rotation": [[0.5749417146126179, -0.812268881130579, 0.09829185899747757], [-0.046305112185063974, -0.152242868149417, -0.9872577908951479], [0.816883015727363, 0.563064271504165, -0.12514297731655633]], "fy": 1034.9718637370904, "fx": 1035.4965990500061}, {"id": 9, "img_name": "IMG_6374", "width": 1332, "height": 876, "position": [-1.9011000626507504, 0.9974360435436946, -2.3873960086982065], "rotation": [[0.5713653428035768, -0.658521724510952, -0.48978646713651963], [0.06419397928712901, 0.630825984312508, -0.7732643212637184], [0.8181813845757155, 0.4103750916701415, 0.40270523471950037]], "fy": 1034.9718637370904, "fx": 1035.4965990500061}, {"id": 10, "img_name": "IMG_6382", "width": 1332, "height": 876, "position": [-0.04311983208156079, 0.940462875465836, 0.7644537801088002], "rotation": [[0.02810143123624375, -0.9744031233795708, 0.22304453077942], [0.9988727179348847, 0.03591264370016146, 0.031041510720991664], [-0.038257063764105724, 0.22192078580115523, 0.9743138929018444]], "fy": 1034.9718637370904, "fx": 1035.4965990500061}, {"id": 11, "img_name": "IMG_6392", "width": 1332, "height": 876, "position": [-2.9412926027132857, 0.07214065253444212, -3.2644979150884157], "rotation": [[0.3478239478964582, -0.4932829992031496, 0.7973019402753684], [0.6589292403774336, -0.47633738752414106, -0.5821640227824918], [0.6669563384850163, 0.7278561505845924, 0.15935704129670217]], "fy": 1034.9718637370904, "fx": 1035.4965990500061}, {"id": 12, "img_name": "IMG_6401", "width": 1332, "height": 876, "position": [-0.9189391884813307, -0.08967782846037606, -0.02696581236467023], "rotation": [[-0.389371829479354, -0.8264752203081359, -0.40660581479427843], [-0.7626486145465163, 0.041748813435875075, 0.6454642726805068], [-0.5164849166608642, 0.5614229660365834, -0.646565993591146]], "fy": 1034.9718637370904, "fx": 1035.4965990500061}, {"id": 13, "img_name": "IMG_6410", "width": 1332, "height": 876, "position": [-0.8992629620953153, -0.28421562432272063, -0.09368444666341348], "rotation": [[-0.0755233010062262, -0.9950744878370268, 0.0642105494525713], [-0.9967601475975915, 0.07712421536774175, 0.022826816798181094], [-0.027666571279260824, -0.06227856019360442, -0.9976752686991194]], "fy": 1034.9718637370904, "fx": 1035.4965990500061}, {"id": 14, "img_name": "IMG_6421", "width": 1332, "height": 876, "position": [-0.9998761441020871, 0.0013321236018846573, -0.04152714261211017], "rotation": [[0.3200434824494616, -0.7112694698127957, 0.6258337723819685], [0.8077862171696496, -0.14029360517451642, -0.5725374500396321], [0.4950288847050933, 0.6887767749128605, 0.5296536204428989]], "fy": 1034.9718637370904, "fx": 1035.4965990500061}, {"id": 15, "img_name": "IMG_6434", "width": 1332, "height": 876, "position": [1.6152751560714853, -0.30908540206373597, 2.687564477538939], "rotation": [[-0.5485568070537806, -0.8294216732613172, 0.10557043790454601], [-0.11574582309208274, 0.20037833724545615, 0.9728573515163886], [-0.8280630011488843, 0.5214481852371746, -0.20592099514415668]], "fy": 1034.9718637370904, "fx": 1035.4965990500061}, {"id": 16, "img_name": "IMG_6442", "width": 1332, "height": 876, "position": [1.1775475513617724, -0.16785643243555173, 2.758710726459715], "rotation": [[-0.5857828617452899, -0.7072025966387394, 0.39588246512433806], [-0.10032339199617919, 0.5479767497177106, 0.8304557175353751], [-0.8042348263435746, 0.4467504550375274, -0.3919443519428272]], "fy": 1034.9718637370904, "fx": 1035.4965990500061}, {"id": 17, "img_name": "IMG_6450", "width": 1332, "height": 876, "position": [2.1458908710610847, -0.3729632634749514, 2.580705417775183], "rotation": [[-0.46733356283530475, -0.5932627683751517, -0.6554682514870657], [-0.41945738256393944, -0.5038582334798783, 0.7551042211292062], [-0.7782382959352933, 0.6278265430948164, -0.013378584579223144]], "fy": 1034.9718637370904, "fx": 1035.4965990500061}, {"id": 18, "img_name": "IMG_6459", "width": 1332, "height": 876, "position": [-2.2365232301189786, 0.04117708955888481, -3.888558467142082], "rotation": [[-0.06129645290113306, -0.8170217741529283, -0.5733394853154111], [-0.9942507110289236, -0.0005467859391897583, 0.1070757892504968], [-0.08779674527121874, 0.5766065570084491, -0.8122909638390928]], "fy": 1034.9718637370904, "fx": 1035.4965990500061}, {"id": 19, "img_name": "IMG_6471", "width": 1332, "height": 876, "position": [-2.1022500929858903, -0.05083720974865057, -4.182843553915212], "rotation": [[0.322477138174447, -0.9157350955584445, 0.23966169931256237], [0.785967056771382, 0.11794035103783078, -0.6069150346359897], [0.527507612290998, 0.38408242391398206, 0.7577706847163002]], "fy": 1034.9718637370904, "fx": 1035.4965990500061}, {"id": 20, "img_name": "IMG_6483", "width": 1332, "height": 876, "position": [2.0208336739644, 0.8547564235781597, 2.770697984758603], "rotation": [[-0.7087016677876795, 0.24972513366264912, -0.6598327846448167], [-0.09749283802055841, 0.8916206217598711, 0.44216265489889345], [0.6987396457978164, 0.3776903817543052, -0.6075466096692734]], "fy": 1034.9718637370904, "fx": 1035.4965990500061}, {"id": 21, "img_name": "IMG_6491", "width": 1332, "height": 876, "position": [2.9900248031865786, 0.05934054330760826, 4.5400653884761875], "rotation": [[0.839664798187441, -0.49788409439214454, -0.21696648413097755], [0.1418365436390166, -0.184601508974524, 0.9725248982791478], [-0.5242570186210015, -0.8473686986404696, -0.08438522969676718]], "fy": 1034.9718637370904, "fx": 1035.4965990500061}, {"id": 22, "img_name": "IMG_6500", "width": 1332, "height": 876, "position": [-2.7583111919197347, 0.6970140910203415, -4.767992149435024], "rotation": [[0.8181112343180689, -0.46733170697519655, -0.33510458656696224], [0.13888901430249898, -0.404902958923791, 0.9037496531456258], [-0.5580357067326838, -0.7859100899660265, -0.26634841937009174]], "fy": 1034.9718637370904, "fx": 1035.4965990500061}, {"id": 23, "img_name": "IMG_6508", "width": 1332, "height": 876, "position": [-2.615915474408353, 0.2927313295946315, -4.46423393484972], "rotation": [[0.8705727358076557, 0.47837241806406006, 0.1151648440450382], [-0.1804934475463418, 0.5282187686225039, -0.8297029877418556], [-0.4577392566311193, 0.7015303002083875, 0.5461959454521064]], "fy": 1034.9718637370904, "fx": 1035.4965990500061}, {"id": 24, "img_name": "IMG_6516", "width": 1332, "height": 876, "position": [0.9200118230344215, 0.2312583727180638, 1.0011413270946175], "rotation": [[0.8452658630481672, -0.5034336299134021, 0.17910946663326513], [0.08145788382258543, 0.4526774749522212, 0.8879457848506447], [-0.5281005907292504, -0.7359603820472246, 0.42364145468582287]], "fy": 1034.9718637370904, "fx": 1035.4965990500061}, {"id": 25, "img_name": "IMG_6525", "width": 1332, "height": 876, "position": [2.018789521713176, -1.7374264000463482, 2.8036667876514056], "rotation": [[0.8909956783212799, -0.41357527305892894, 0.1873024151660472], [0.20887903751728423, 0.7397089815941571, 0.6396875567296804], [-0.4031082347194795, -0.5308353003174971, 0.7454647107933261]], "fy": 1034.9718637370904, "fx": 1035.4965990500061}, {"id": 26, "img_name": "IMG_6534", "width": 1332, "height": 876, "position": [2.613606721121335, 0.8281203512233696, 3.938856972831621], "rotation": [[0.6657393907877759, -0.33684516627087824, -0.6658276034481188], [0.3124829445455434, -0.6844433945114792, 0.6587045233469633], [-0.6776027397536611, -0.6465853181673301, -0.3504025590785321]], "fy": 1034.9718637370904, "fx": 1035.4965990500061}, {"id": 27, "img_name": "IMG_6543", "width": 1332, "height": 876, "position": [1.6503450986412007, -0.8289253628973832, 2.3724943327569163], "rotation": [[0.634958652512876, 0.33710133622103117, -0.6951188378378393], [-0.23086047549277286, -0.7758667512233753, -0.5871407201015234], [-0.7372455157234145, 0.5332855458983301, -0.41481993211710066]], "fy": 1034.9718637370904, "fx": 1035.4965990500061}, {"id": 28, "img_name": "IMG_6552", "width": 1332, "height": 876, "position": [2.715074959558043, 0.014030175482717247, 3.955175341479535], "rotation": [[-0.010827358430156584, -0.4044533685518537, -0.9144945275814845], [-0.9980221205556136, -0.052265032845018426, 0.03493155054366957], [-0.061924269806762536, 0.913063984071635, -0.403087516304005]], "fy": 1034.9718637370904, "fx": 1035.4965990500061}, {"id": 29, "img_name": "IMG_6560", "width": 1332, "height": 876, "position": [2.8630370141377686, 2.1860260209562483, 3.9842982279592927], "rotation": [[0.42499030816283484, -0.863941984757646, -0.2701619605730574], [-0.6212873271203762, -0.061342661737638075, -0.781178043092969], [0.6583200552370233, 0.4998412996381565, -0.5628262432125579]], "fy": 1034.9718637370904, "fx": 1035.4965990500061}, {"id": 30, "img_name": "IMG_6569", "width": 1332, "height": 876, "position": [-3.1420537709401644, -1.799843943601164, -5.382968879327797], "rotation": [[-0.418907749001006, -0.7994038147277561, 0.43066209355551743], [0.5967558488158998, 0.11510288690429056, 0.7941245383000787], [-0.6843966355344867, 0.5896650459583045, 0.4288314107479367]], "fy": 1034.9718637370904, "fx": 1035.4965990500061}, {"id": 31, "img_name": "IMG_6578", "width": 1332, "height": 876, "position": [-1.1061035505321668, 1.3040879619461156, -2.8716672986224436], "rotation": [[0.5403049904914623, -0.5291306698860279, -0.6542868265798909], [-0.3501675344010172, 0.5656455400047491, -0.7466108899046733], [0.7651491456582391, 0.632507594625313, 0.12033672606385504]], "fy": 1034.9718637370904, "fx": 1035.4965990500061}, {"id": 32, "img_name": "IMG_6589", "width": 1332, "height": 876, "position": [3.2771677898819935, 2.274250029309617, 3.779994766575915], "rotation": [[0.6131156046684333, -0.6953434013619479, -0.3749490758682549], [-0.001830766646544456, 0.473371266968013, -0.8808611081791405], [0.78999107818098, 0.5407561352324124, 0.2889582990726474]], "fy": 1034.9718637370904, "fx": 1035.4965990500061}, {"id": 33, "img_name": "IMG_6293", "width": 1332, "height": 876, "position": [-1.8407635630838943, 1.6359130521559015, -2.543364903767603], "rotation": [[0.5629571785779246, -0.8261638305067973, -0.023076833619860737], [-0.013932120349602074, 0.018431557472607628, -0.9997330512250246], [0.8263686290694647, 0.5631284070720192, -0.0011340363235328534]], "fy": 1034.9718637370904, "fx": 1035.4965990500061}, {"id": 34, "img_name": "IMG_6294", "width": 1332, "height": 876, "position": [-1.907737357513573, 1.6293802107025206, -2.5531138690502173], "rotation": [[0.5377154903964225, -0.6005745540997071, -0.5917535435936763], [-0.04001205021698557, 0.6828883978941147, -0.7294261250181836], [0.8421763991143234, 0.41590099902446404, 0.34316945054197995]], "fy": 1034.9718637370904, "fx": 1035.4965990500061}, {"id": 35, "img_name": "IMG_6295", "width": 1332, "height": 876, "position": [-2.2045887392531482, 1.418167962635765, -3.594222686185554], "rotation": [[0.5493147786693576, -0.8325610995905668, 0.07138129575722961], [0.11595812872770626, -0.008647490204224352, -0.9932164584294484], [0.8275306558172956, 0.553865720515103, 0.09179203299242474]], "fy": 1034.9718637370904, "fx": 1035.4965990500061}, {"id": 36, "img_name": "IMG_6296", "width": 1332, "height": 876, "position": [-2.3533561955696753, 1.3065010554130532, -3.4909194344623846], "rotation": [[0.5143327916950731, -0.8347379190245031, -0.196658043135273], [-0.03950531556643906, 0.20600952158890748, -0.9777522217089081], [0.8566802842537866, 0.5106590678303399, 0.07298086744825356]], "fy": 1034.9718637370904, "fx": 1035.4965990500061}, {"id": 37, "img_name": "IMG_6298", "width": 1332, "height": 876, "position": [-2.51394930979757, 1.3914424159686836, -3.4458340056509424], "rotation": [[0.5151676954122839, -0.5210182145472576, -0.6805455647593216], [-0.08184783608356375, 0.7604847224918323, -0.6441769311182751], [0.8531724194628155, 0.38756032687377656, 0.3491329484615526]], "fy": 1034.9718637370904, "fx": 1035.4965990500061}, {"id": 38, "img_name": "IMG_6299", "width": 1332, "height": 876, "position": [-2.8331338975156926, 1.2868067511491914, -4.685981272607192], "rotation": [[0.5222171384362969, -0.8528087227144545, -0.002557886929916744], [-0.00517305427715634, -0.00016839055405902203, -0.9999866054873269], [0.852796869033213, 0.5222233756801411, -0.004499562243914626]], "fy": 1034.9718637370904, "fx": 1035.4965990500061}, {"id": 39, "img_name": "IMG_6300", "width": 1332, "height": 876, "position": [-3.1019965097182487, 1.29525028512929, -4.477242011744073], "rotation": [[0.5041647136665002, -0.8463301420538314, -0.1718814479364107], [0.006525652611092677, 0.20275498009557613, -0.9792077582946541], [0.8635828607328744, 0.49256036046111507, 0.10774476298568321]], "fy": 1034.9718637370904, "fx": 1035.4965990500061}, {"id": 40, "img_name": "IMG_6302", "width": 1332, "height": 876, "position": [-3.3456818423314094, 1.2201097402341448, -5.217438199554996], "rotation": [[0.37156346901673964, -0.8884008649660139, 0.2696006150213396], [0.6732467974048231, 0.057877057777012866, -0.7371492358859401], [0.639280328397797, 0.4554054779103063, 0.6196180375141529]], "fy": 1034.9718637370904, "fx": 1035.4965990500061}, {"id": 41, "img_name": "IMG_6304", "width": 1332, "height": 876, "position": [-3.5633223943667125, 1.4534677584903255, -4.967878329675241], "rotation": [[0.4158110124744116, -0.9084049018436149, -0.043608900599498755], [0.6971769252666484, 0.3491812063288553, -0.6261124659535754], [0.5839910416956294, 0.22994133915678927, 0.778512327305121]], "fy": 1034.9718637370904, "fx": 1035.4965990500061}, {"id": 42, "img_name": "IMG_6306", "width": 1332, "height": 876, "position": [-3.5081978797565094, 1.5466049197051657, -4.991382109954659], "rotation": [[0.26821194097721496, -0.910448224250003, -0.31487519063471997], [0.8451855401426042, 0.37923756297960975, -0.3766168790151884], [0.46230266866100783, -0.16511481394866653, 0.8712137170428434]], "fy": 1034.9718637370904, "fx": 1035.4965990500061}, {"id": 43, "img_name": "IMG_6307", "width": 1332, "height": 876, "position": [-2.727944207728821, 0.7360177716726819, -4.839741874822887], "rotation": [[0.02844829188104782, -0.8087861182963652, 0.5874144274191335], [0.9980187412822995, -0.010009923666787109, -0.062115967975065675], [0.05611850620200972, 0.588017700651335, 0.8068989385185557]], "fy": 1034.9718637370904, "fx": 1035.4965990500061}, {"id": 44, "img_name": "IMG_6310", "width": 1332, "height": 876, "position": [-2.7148180718973007, 0.0447111466077693, -4.76247199341971], "rotation": [[0.01783861718948265, -0.859019793317934, 0.5116314869364287], [0.9987514750413796, -0.008571513304750554, -0.04921402505724136], [0.04666127773042006, 0.5118706124087222, 0.8577943817214498]], "fy": 1034.9718637370904, "fx": 1035.4965990500061}, {"id": 45, "img_name": "IMG_6311", "width": 1332, "height": 876, "position": [-2.917730423331544, 0.049553093216468315, -4.629173700507621], "rotation": [[-0.0067749229078357545, -0.838838438871933, 0.5443382899360387], [0.9998740205095901, -0.013496518920144557, -0.00835386659133169], [0.014354216439098014, 0.5442131176735235, 0.838824200308076]], "fy": 1034.9718637370904, "fx": 1035.4965990500061}, {"id": 46, "img_name": "IMG_6312", "width": 1332, "height": 876, "position": [-3.205614846687112, 0.05504825339307431, -4.526944366478255], "rotation": [[-0.0029575840673967736, -0.9974337529062223, 0.0715343362301844], [0.9999146767428242, -0.0020395805970233522, 0.012902687521654663], [-0.012723675993104259, 0.07156639347065798, 0.9973546808406855]], "fy": 1034.9718637370904, "fx": 1035.4965990500061}, {"id": 47, "img_name": "IMG_6314", "width": 1332, "height": 876, "position": [-2.858537459726516, -1.3442889795111725, -4.698484614066465], "rotation": [[-0.04052480215172075, -0.8952950836465101, 0.44362647983292475], [0.9991601744003568, -0.03361938669094693, 0.02342397768895827], [-0.00605692189252318, 0.44420316301993285, 0.895905610910142]], "fy": 1034.9718637370904, "fx": 1035.4965990500061}, {"id": 48, "img_name": "IMG_6315", "width": 1332, "height": 876, "position": [-3.230970625421377, -1.3667964974829694, -4.558353889029162], "rotation": [[-0.007935800249610112, -0.9953123328081299, -0.09638663410679235], [0.9992136970762585, -0.011637355917375181, 0.03790197254032126], [-0.0388459862739154, -0.09601006253143837, 0.994622067542801]], "fy": 1034.9718637370904, "fx": 1035.4965990500061}, {"id": 49, "img_name": "IMG_6317", "width": 1332, "height": 876, "position": [-3.184911572404496, -1.1241965365215838, -4.977710275638735], "rotation": [[-0.5830000869778257, -0.8109461690127745, -0.049771573687721164], [0.019038289212342904, -0.07487812378414953, 0.997010937814843], [-0.8122490025403016, 0.580309897849477, 0.05909298038020243]], "fy": 1034.9718637370904, "fx": 1035.4965990500061}, {"id": 50, "img_name": "IMG_6318", "width": 1332, "height": 876, "position": [-3.265754731197261, -1.3995513013703502, -4.950425410718074], "rotation": [[-0.5066926011755695, -0.6785262022998364, -0.5318503555573656], [-0.07428150215052708, -0.5802511957091804, 0.811043037277509], [-0.8589207567361472, 0.4504561495535687, 0.24360704213379533]], "fy": 1034.9718637370904, "fx": 1035.4965990500061}, {"id": 51, "img_name": "IMG_6319", "width": 1332, "height": 876, "position": [-2.537657833796352, -1.2706568142304795, -3.6780841532114446], "rotation": [[-0.5485061365835481, -0.8319935361432228, 0.083233250243428], [-0.02010984640966943, 0.11264145613574969, 0.993432180089309], [-0.8359046669373064, 0.5432298391799859, -0.07851579214984301]], "fy": 1034.9718637370904, "fx": 1035.4965990500061}, {"id": 52, "img_name": "IMG_6320", "width": 1332, "height": 876, "position": [-2.615468644679287, -1.3366693661303266, -3.631288716175879], "rotation": [[-0.5520545060490131, -0.7792584440901524, -0.2966346231733142], [-0.04633812710302594, -0.32653631435153657, 0.9440480990851567], [-0.8325194293994365, 0.5349114998987295, 0.14415646689804756]], "fy": 1034.9718637370904, "fx": 1035.4965990500061}, {"id": 53, "img_name": "IMG_6321", "width": 1332, "height": 876, "position": [-2.696868747123856, -1.4185268556155284, -3.595783704393697], "rotation": [[-0.5279263973880378, -0.6758313664979771, -0.5143400460768771], [-0.0577316191426211, -0.5756538430046058, 0.8156529367232119], [-0.847325662949057, 0.46029840005316697, 0.2648860204247024]], "fy": 1034.9718637370904, "fx": 1035.4965990500061}, {"id": 54, "img_name": "IMG_6323", "width": 1332, "height": 876, "position": [-1.7466688031697544, -1.3520804985658483, -2.7169999913058773], "rotation": [[-0.5968374940615065, -0.7863153344696698, -0.1596659026224191], [-0.028099178315382296, -0.17838917798375864, 0.9835587106809023], [-0.8018699656804591, 0.5915111968138302, 0.08437453516013631]], "fy": 1034.9718637370904, "fx": 1035.4965990500061}, {"id": 55, "img_name": "IMG_6324", "width": 1332, "height": 876, "position": [-1.95378619539267, -1.3887312745840772, -2.569196426299927], "rotation": [[-0.5498209383064669, -0.6557816276080802, -0.5173464919099128], [-0.007720581158387293, -0.6153506810118513, 0.7882156633846016], [-0.8352468667563936, 0.4373716912077734, 0.3332696735433322]], "fy": 1034.9718637370904, "fx": 1035.4965990500061}, {"id": 56, "img_name": "IMG_6325", "width": 1332, "height": 876, "position": [-0.8612655391039392, -1.0134476616254844, -2.171422503504726], "rotation": [[-0.5476816488837091, -0.8357305264012623, 0.03999123300288193], [-0.051976125064627884, 0.081688665566063, 0.9953016850891504], [-0.835070831665966, 0.5430298786983133, -0.08817741741289059]], "fy": 1034.9718637370904, "fx": 1035.4965990500061}, {"id": 57, "img_name": "IMG_6326", "width": 1332, "height": 876, "position": [-1.262943040647227, -0.9905735478306574, -1.9051816885876627], "rotation": [[-0.5802743572495883, -0.8011861229546013, -0.14622744852985647], [-0.022433611231098875, -0.163755415477352, 0.9862458603152521], [-0.8141120336942018, 0.5755735924161345, 0.07704957045614481]], "fy": 1034.9718637370904, "fx": 1035.4965990500061}, {"id": 58, "img_name": "IMG_6329", "width": 1332, "height": 876, "position": [-0.5257006224777065, -0.9646595007576816, -0.9158329564708503], "rotation": [[-0.5627243100797645, -0.8228766189211716, -0.07883794060040682], [0.0968582317311286, -0.16034814148787824, 0.9822967761666032], [-0.8209505672031485, 0.54512617214205, 0.16993417153293364]], "fy": 1034.9718637370904, "fx": 1035.4965990500061}, {"id": 59, "img_name": "IMG_6330", "width": 1332, "height": 876, "position": [-0.6922527462676081, -0.9323878639523666, -0.8321843764027258], "rotation": [[-0.5586008250676461, -0.7027251154292468, -0.44061608048129236], [0.07088101084258262, -0.569723708680685, 0.8187739480888847], [-0.8264024446573707, 0.4261364897683344, 0.3680580002557255]], "fy": 1034.9718637370904, "fx": 1035.4965990500061}, {"id": 60, "img_name": "IMG_6331", "width": 1332, "height": 876, "position": [0.7072874425294203, -1.0304148917954423, 0.164681993510444], "rotation": [[-0.4959815176627278, -0.8650893673025416, 0.07498480324082352], [0.035163169386878704, 0.06627429587238809, 0.9971816631012066], [-0.8676208190538341, 0.49722037798817853, -0.002451541891568526]], "fy": 1034.9718637370904, "fx": 1035.4965990500061}, {"id": 61, "img_name": "IMG_6333", "width": 1332, "height": 876, "position": [0.10811484586064976, -1.0248750435873424, 0.5518564618615658], "rotation": [[-0.5329867749893813, -0.6666919483958099, -0.5210057040288687], [0.032570279320615604, -0.6314654155800197, 0.774719695006736], [-0.8454964663387987, 0.39594605045454323, 0.3582770583473811]], "fy": 1034.9718637370904, "fx": 1035.4965990500061}, {"id": 62, "img_name": "IMG_6334", "width": 1332, "height": 876, "position": [1.359295227156387, -1.4090016760770219, 1.3066159741352938], "rotation": [[-0.5310469819515655, -0.8473229634739256, 0.00573572400813502], [-0.010872332107993444, 0.01358227680592332, 0.9998486456215762], [-0.8472726216246259, 0.5309042449694025, -0.01642520376743375]], "fy": 1034.9718637370904, "fx": 1035.4965990500061}, {"id": 63, "img_name": "IMG_6335", "width": 1332, "height": 876, "position": [1.0765217892114345, -1.3380745258832154, 1.4748100930380061], "rotation": [[-0.5644334283204241, -0.8112497195158614, -0.15260667606591768], [0.042391064013125174, -0.2131125178740015, 0.9761076028887584], [-0.8243894120415951, 0.5444786013341929, 0.1546775678722477]], "fy": 1034.9718637370904, "fx": 1035.4965990500061}, {"id": 64, "img_name": "IMG_6336", "width": 1332, "height": 876, "position": [0.7393235717570654, -1.4208407531990412, 1.6528966353572672], "rotation": [[-0.5508227403001543, -0.6798143638306058, -0.48419700484184797], [-0.03221498876087739, -0.5623894831778652, 0.8262446754503592], [-0.8340003017189889, 0.4707127573590096, 0.2878767041497338]], "fy": 1034.9718637370904, "fx": 1035.4965990500061}, {"id": 65, "img_name": "IMG_6337", "width": 1332, "height": 876, "position": [1.5807714098238768, -1.2310859083232786, 2.5716059783601484], "rotation": [[-0.5532691362596721, -0.8194216219165757, 0.14980476760799147], [0.06645418386228888, 0.13584554933123255, 0.9884987749987819], [-0.8303475804201957, 0.5568610170073892, -0.02070515461963252]], "fy": 1034.9718637370904, "fx": 1035.4965990500061}, {"id": 66, "img_name": "IMG_6338", "width": 1332, "height": 876, "position": [1.6262102398119933, -1.6265820085211364, 2.5571575547263543], "rotation": [[-0.5079726615928365, -0.7911841863642638, -0.3405750406612427], [-0.046544724989147475, -0.3695966019690676, 0.9280258295912905], [-0.8601147386540786, 0.48726372229013337, 0.15091951924780855]], "fy": 1034.9718637370904, "fx": 1035.4965990500061}, {"id": 67, "img_name": "IMG_6339", "width": 1332, "height": 876, "position": [1.45769000537924, -1.6028060625961527, 2.6643524571062542], "rotation": [[-0.49949742946123676, -0.6186897103225539, -0.6064036282069979], [-0.0041098030478056045, -0.6982800587003613, 0.715812872991488], [-0.8663056201367533, 0.36003888951391655, 0.3462464015077427]], "fy": 1034.9718637370904, "fx": 1035.4965990500061}, {"id": 68, "img_name": "IMG_6341", "width": 1332, "height": 876, "position": [2.202036860276241, -1.4170813525344286, 3.5586572843448208], "rotation": [[-0.5673973700412023, -0.7800425961482502, -0.2638063165745365], [-0.06955455110706334, -0.27382374710240226, 0.9592615492883546], [-0.8205013034058032, 0.5626314101764113, 0.10111136134125052]], "fy": 1034.9718637370904, "fx": 1035.4965990500061}, {"id": 69, "img_name": "IMG_6342", "width": 1332, "height": 876, "position": [2.016508963421592, -1.410378098462059, 3.6744339461622624], "rotation": [[-0.5044748122223031, -0.6758689755783183, -0.5373139600680287], [-0.05304599474127775, -0.5968680167646543, 0.8005839699902422], [-0.8617953853874947, 0.43237680142919704, 0.2652527385545271]], "fy": 1034.9718637370904, "fx": 1035.4965990500061}, {"id": 70, "img_name": "IMG_6343", "width": 1332, "height": 876, "position": [2.761431025986951, -1.128594876831259, 3.520895883285504], "rotation": [[-0.03132895672751002, -0.8081498548311365, -0.58814310215013], [-0.9994874862829338, 0.029202587872133683, 0.013113871487553427], [0.006577327282987851, 0.5882525146550439, -0.808650553556868]], "fy": 1034.9718637370904, "fx": 1035.4965990500061}, {"id": 71, "img_name": "IMG_6344", "width": 1332, "height": 876, "position": [2.4905538970964285, -1.1585742085606388, 3.655063828753344], "rotation": [[-0.024102050741919272, -0.7565416124317397, -0.6535012469836741], [-0.9981514980543924, 0.054692005837253456, -0.026502291019261867], [0.055791379995530924, 0.6516544890942445, -0.7564613332890935]], "fy": 1034.9718637370904, "fx": 1035.4965990500061}, {"id": 72, "img_name": "IMG_6346", "width": 1332, "height": 876, "position": [2.6858646288747874, 0.018387036255418217, 3.757074075660057], "rotation": [[0.0010486664512779856, -0.850267649059327, -0.5263495276541994], [-0.9965477080013053, 0.04280662432666679, -0.07113549459377151], [0.08301545624773035, 0.5246070127980376, -0.8472873869869066]], "fy": 1034.9718637370904, "fx": 1035.4965990500061}, {"id": 73, "img_name": "IMG_6347", "width": 1332, "height": 876, "position": [2.546465527038736, -0.0017495710629349321, 3.822087043605148], "rotation": [[0.020941509550884915, -0.6059281532211311, -0.7952436898911929], [-0.9937625784151134, 0.07452789136308575, -0.0829549947303799], [0.10953260208483806, 0.7920206225490606, -0.6005879973305519]], "fy": 1034.9718637370904, "fx": 1035.4965990500061}, {"id": 74, "img_name": "IMG_6348", "width": 1332, "height": 876, "position": [2.4263160196131066, 0.010704812468674172, 4.025638248984268], "rotation": [[0.024041026800369816, -0.17450480927054735, -0.9843627891036076], [-0.9974619494765109, 0.06182315771979931, -0.035320766074235205], [0.06702005951132774, 0.9827135740952205, -0.17257561505640145]], "fy": 1034.9718637370904, "fx": 1035.4965990500061}, {"id": 75, "img_name": "IMG_6350", "width": 1332, "height": 876, "position": [2.658563717609205, 1.1689474985642974, 4.062638606005679], "rotation": [[-0.055128404788813444, -0.698433964259098, -0.7135480758538708], [-0.9979908035387942, 0.016192411734541858, 0.06125489249203661], [-0.031228433156862103, 0.7154913020935613, -0.6979233350383316]], "fy": 1034.9718637370904, "fx": 1035.4965990500061}, {"id": 76, "img_name": "IMG_6351", "width": 1332, "height": 876, "position": [2.453173986910157, 1.1800688094504788, 4.228338745712571], "rotation": [[-0.011335074121754538, -0.26826859448634643, -0.9632774664171142], [-0.9992454888902823, -0.03274942581308909, 0.02087888984917198], [-0.037147934358120346, 0.962787326630982, -0.2676949656823818]], "fy": 1034.9718637370904, "fx": 1035.4965990500061}, {"id": 77, "img_name": "IMG_6352", "width": 1332, "height": 876, "position": [3.0269132442833206, 1.9149822002756176, 3.879898666894393], "rotation": [[0.5613407344632747, -0.8275706339266896, -0.0048400097529286415], [-0.043482216516751875, -0.023652679079411796, -0.9987741724830275], [0.8264416958739568, 0.560863081896592, -0.049261817733766984]], "fy": 1034.9718637370904, "fx": 1035.4965990500061}, {"id": 78, "img_name": "IMG_6353", "width": 1332, "height": 876, "position": [2.8272689468880543, 1.9518209807067382, 4.026994936655123], "rotation": [[0.5322779026348095, -0.8436428603884113, -0.07033461795124657], [-0.04674674740131769, 0.053664891348383176, -0.9974641953694193], [0.8452780465468657, 0.5342160644834874, -0.010872923879459765]], "fy": 1034.9718637370904, "fx": 1035.4965990500061}, {"id": 79, "img_name": "IMG_6355", "width": 1332, "height": 876, "position": [1.7798104043052803, 1.381179836374389, 2.7678773645900705], "rotation": [[0.5359639424819841, -0.839103819485872, 0.0929915721094649], [-0.05305302321068041, -0.14340607151413487, -0.988240899467883], [0.8425722693557957, 0.5247280045672276, -0.12137747787592369]], "fy": 1034.9718637370904, "fx": 1035.4965990500061}, {"id": 80, "img_name": "IMG_6356", "width": 1332, "height": 876, "position": [1.7874681625200912, 1.6599854806370953, 2.7311353135119254], "rotation": [[0.5283696403266049, -0.6879748446733595, -0.49750993585837144], [-0.10544616305080472, 0.5282727710020522, -0.842501623805958], [0.8424408761919124, 0.4976127937608519, 0.20657898636241417]], "fy": 1034.9718637370904, "fx": 1035.4965990500061}, {"id": 81, "img_name": "IMG_6357", "width": 1332, "height": 876, "position": [1.4469654472983449, 1.6408750616445433, 1.4423606744310782], "rotation": [[0.5360342560599807, -0.8439732294957955, 0.019402686016642228], [-0.02158046594325684, -0.03667531011659157, -0.9990941923149805], [0.8439203515853229, 0.5351299931066179, -0.037872558110270654]], "fy": 1034.9718637370904, "fx": 1035.4965990500061}, {"id": 82, "img_name": "IMG_6359", "width": 1332, "height": 876, "position": [0.9127933901433016, 1.540822364709827, 1.7712849273680973], "rotation": [[0.524272070460975, -0.6661766956180217, -0.5304219135273504], [-0.061967327412406105, 0.5913917761118962, -0.8039998864928904], [0.8492931451907086, 0.45438351352428075, 0.26876900150390043]], "fy": 1034.9718637370904, "fx": 1035.4965990500061}, {"id": 83, "img_name": "IMG_6360", "width": 1332, "height": 876, "position": [1.0902530180202639, 1.6056283717933544, 1.014879504333094], "rotation": [[-0.0063610385831622636, -0.8359265653392455, 0.5488044410792201], [0.9999745167182088, -0.0035387764884309285, 0.00620023992673021], [-0.0032408490133932003, 0.5488298957063987, 0.8359277734808046]], "fy": 1034.9718637370904, "fx": 1035.4965990500061}, {"id": 84, "img_name": "IMG_6361", "width": 1332, "height": 876, "position": [0.8676322687615879, 1.554592962446705, 1.1727337144575436], "rotation": [[0.015138628425823059, -0.9207375318240169, 0.38988872697219923], [0.9976308035069092, -0.012262126298766553, -0.06769357541740104], [0.06710888036275926, 0.38998979185262056, 0.9183704919188151]], "fy": 1034.9718637370904, "fx": 1035.4965990500061}, {"id": 85, "img_name": "IMG_6362", "width": 1332, "height": 876, "position": [0.5439486334221961, 1.4982866873346061, 1.3808537983837974], "rotation": [[-0.02278111158356248, -0.9994210962875942, 0.025268423977772795], [0.9992098384862022, -0.02358513285654901, -0.03199125162472193], [0.03256869090698326, 0.024519661568670616, 0.9991686877445486]], "fy": 1034.9718637370904, "fx": 1035.4965990500061}, {"id": 86, "img_name": "IMG_6363", "width": 1332, "height": 876, "position": [0.930896060883676, 0.8771445682073357, 0.6055668749817683], "rotation": [[0.5417468946072592, -0.839847077090626, -0.034164152056258154], [-0.08547243863924228, -0.014608561568270841, -0.9962334325658654], [0.8361846473216619, 0.5426264617867782, -0.07969792062726518]], "fy": 1034.9718637370904, "fx": 1035.4965990500061}, {"id": 87, "img_name": "IMG_6364", "width": 1332, "height": 876, "position": [0.614235027779193, 0.8251815088911875, 0.8054941753507644], "rotation": [[0.5101918576859978, -0.8415377473368072, -0.17753447033802253], [-0.027107692005330888, 0.19058423838506117, -0.9812965001024564], [0.8596333179821816, 0.5054620340702928, 0.07442238056167942]], "fy": 1034.9718637370904, "fx": 1035.4965990500061}, {"id": 88, "img_name": "IMG_6365", "width": 1332, "height": 876, "position": [0.32738976968364897, 0.8478780381250622, 0.9894212515919302], "rotation": [[0.5230158235738429, -0.6474999273324057, -0.5542547179735181], [-0.044624520833177396, 0.6285926065945086, -0.7764534674242435], [0.8511539816224701, 0.43083080094075293, 0.29986950583372973]], "fy": 1034.9718637370904, "fx": 1035.4965990500061}, {"id": 89, "img_name": "IMG_6367", "width": 1332, "height": 876, "position": [-0.04019813950114641, 0.7578471888268108, -0.41715517218735015], "rotation": [[0.5197541005423696, -0.849747953842221, -0.08822748953898123], [-0.07131261654129346, 0.05975861453535595, -0.9956623015414661], [0.8513343559914794, 0.5237912971115247, -0.029537965041616907]], "fy": 1034.9718637370904, "fx": 1035.4965990500061}, {"id": 90, "img_name": "IMG_6368", "width": 1332, "height": 876, "position": [-0.4094713685089158, 0.7280970417822796, -0.19640579774785244], "rotation": [[0.5102401570233126, -0.6282781776444203, -0.587300190410859], [-0.045951995032632066, 0.6619903796831375, -0.7481023668987395], [0.8588034678046812, 0.40869948458834837, 0.30890343957921895]], "fy": 1034.9718637370904, "fx": 1035.4965990500061}, {"id": 91, "img_name": "IMG_6369", "width": 1332, "height": 876, "position": [-0.3981601476145805, 0.7660779838723599, -1.5133469346522872], "rotation": [[0.5665794305254599, -0.823507295568205, 0.028696394396967313], [-0.058125658989231964, -0.07468107219365182, -0.9955120015464773], [0.821954473600888, 0.5623686260825252, -0.09017966359185209]], "fy": 1034.9718637370904, "fx": 1035.4965990500061}, {"id": 92, "img_name": "IMG_6370", "width": 1332, "height": 876, "position": [-0.600847920344661, 0.7892993748073615, -1.346355349321765], "rotation": [[0.5314569740926944, -0.8448786397931132, -0.06110293535973526], [-0.023305073585888975, 0.05752245662294332, -0.9980721619849026], [0.8467646415819411, 0.5318564195395222, 0.010880751867683518]], "fy": 1034.9718637370904, "fx": 1035.4965990500061}, {"id": 93, "img_name": "IMG_6371", "width": 1332, "height": 876, "position": [-0.9547278193863071, 0.7484009941303894, -1.1567166172188115], "rotation": [[0.5250755752562688, -0.646760241104053, -0.5531698028601395], [-0.0023933099526668024, 0.6488560878669073, -0.7609073854980792], [0.8510522383125309, 0.40085778995184734, 0.3391505858732249]], "fy": 1034.9718637370904, "fx": 1035.4965990500061}, {"id": 94, "img_name": "IMG_6372", "width": 1332, "height": 876, "position": [-1.2465787876082075, 0.9908093276019291, -2.852047616653408], "rotation": [[0.5761793391527412, -0.8130271156742757, 0.08369156655170581], [0.012438828864435588, -0.0936625086178176, -0.995526298003171], [0.8172286367167952, 0.5746427095663752, -0.04385329716478413]], "fy": 1034.9718637370904, "fx": 1035.4965990500061}, {"id": 95, "img_name": "IMG_6373", "width": 1332, "height": 876, "position": [-1.7109113849232112, 0.9940671493934891, -2.5194265747788], "rotation": [[0.5209416519524634, -0.8315381606615874, -0.19277988127546491], [0.017170428520976274, 0.23600794395887748, -0.9715994168239859], [0.8534195753821472, 0.5028364920646147, 0.13722423474994588]], "fy": 1034.9718637370904, "fx": 1035.4965990500061}, {"id": 96, "img_name": "IMG_6375", "width": 1332, "height": 876, "position": [-1.528759942314124, 0.781304673434149, -2.376685481895217], "rotation": [[-0.07078128746416516, -0.8157502916365784, -0.5740570276895428], [-0.9956449130455434, 0.022772706043207278, 0.0904024943571914], [-0.06067302919294171, 0.5779557643577119, -0.8138095096361588]], "fy": 1034.9718637370904, "fx": 1035.4965990500061}, {"id": 97, "img_name": "IMG_6376", "width": 1332, "height": 876, "position": [-1.8353757469431693, 0.7743642469102555, -2.1752467224592067], "rotation": [[-0.025807287071454386, -0.44446593343783974, -0.8954239319714664], [-0.9991504679931144, -0.01732064284873164, 0.03739435305560743], [-0.03212983416004945, 0.8956282874856825, -0.44364134659915466]], "fy": 1034.9718637370904, "fx": 1035.4965990500061}, {"id": 98, "img_name": "IMG_6377", "width": 1332, "height": 876, "position": [-1.489251881840317, -0.043445795745891705, -2.4625254480673777], "rotation": [[-0.011399333055369533, -0.7750732165822236, -0.6317686001557674], [-0.9993593405756294, -0.012605270348541867, 0.033496500767736345], [-0.033925854596981754, 0.6317456894164971, -0.7744329669464867]], "fy": 1034.9718637370904, "fx": 1035.4965990500061}, {"id": 99, "img_name": "IMG_6378", "width": 1332, "height": 876, "position": [-1.8310740688330265, -0.08338737815725927, -2.228641482034445], "rotation": [[-0.0038406515471171667, -0.5576982409797852, -0.8300348916785047], [-0.999922440376221, 0.011975751497766494, -0.0034197380201057