[{"id": 0, "img_name": "DSCF0656", "width": 3115, "height": 2078, "position": [-3.504200199464465, 1.9112193314103354, -0.7310674927633084], "rotation": [[0.5945884113529732, -0.21962632761896148, 0.7734525824517984], [0.4419520485667951, 0.8928866037465517, -0.08620846604343206], [-0.671671800697603, 0.3930875081537913, 0.6279643326504161]], "fy": 3240.8079303073573, "fx": 3231.5814007282897}, {"id": 1, "img_name": "DSCF0664", "width": 3115, "height": 2078, "position": [-2.4625439597145733, 2.345285071257704, -1.6663571381310145], "rotation": [[0.8442445060170025, -0.17170796427138402, 0.5077081731328389], [0.29412408554396313, 0.9403343554157629, -0.17106233462615003], [-0.4480426724800161, 0.2937476383404615, 0.8443755613507336]], "fy": 3240.8079303073573, "fx": 3231.5814007282897}, {"id": 2, "img_name": "DSCF0672", "width": 3115, "height": 2078, "position": [-0.9988092329331575, 2.6887192890648537, -2.1618935601553284], "rotation": [[0.9809708107725671, -0.10347392467139052, 0.16428455595493993], [0.13812118843617024, 0.9665871164390124, -0.2159441678746961], [-0.1364507446560565, 0.2345261035518528, 0.9624856887432629]], "fy": 3240.8079303073573, "fx": 3231.5814007282897}, {"id": 3, "img_name": "DSCF0680", "width": 3115, "height": 2078, "position": [-0.8460202739659504, 2.032174554701482, -2.8693675074902423], "rotation": [[0.976386660863964, -0.13475688266523636, 0.16884807094327883], [0.14642686319110024, 0.9874826486729393, -0.0586275729148971], [-0.15883407135414493, 0.08196707353702762, 0.9838969136209554]], "fy": 3240.8079303073573, "fx": 3231.5814007282897}, {"id": 4, "img_name": "DSCF0688", "width": 3115, "height": 2078, "position": [-2.7463395062724842, 1.688979721992881, -2.1863830931869583], "rotation": [[0.776052909757842, -0.3134183886217913, 0.5472757942117542], [0.3586937045920397, 0.9331004258641341, 0.025737551130795778], [-0.518729898446605, 0.17633068061426962, 0.8365565034901605]], "fy": 3240.8079303073573, "fx": 3231.5814007282897}, {"id": 5, "img_name": "DSCF0696", "width": 3115, "height": 2078, "position": [-4.028152606623819, 0.8318033482178542, -0.9052383338295754], "rotation": [[0.4387897094442308, -0.4397586067897495, 0.7836299883492118], [0.5322224960914798, 0.8298344396845629, 0.16767235123168728], [-0.724018511876597, 0.34349260613257176, 0.5981722360593575]], "fy": 3240.8079303073573, "fx": 3231.5814007282897}, {"id": 6, "img_name": "DSCF0704", "width": 3115, "height": 2078, "position": [-2.7938015647127017, 0.29471370662614566, -2.3380365329926005], "rotation": [[0.7375495681456348, -0.4983930044006616, 0.4556589159587133], [0.39982344960360516, 0.8660659334094432, 0.30011832355706536], [-0.5442075373194136, -0.03916902031085348, 0.8380357654495582]], "fy": 3240.8079303073573, "fx": 3231.5814007282897}, {"id": 7, "img_name": "DSCF0712", "width": 3115, "height": 2078, "position": [-0.8811622339498997, 1.3563941592213726, -2.835891342283334], "rotation": [[0.9899783045103178, -0.10876440754471807, 0.09007363793210066], [0.09746573614401338, 0.9877898671407432, 0.12153850686913267], [-0.102192890539324, -0.11154139153479804, 0.9884913409320786]], "fy": 3240.8079303073573, "fx": 3231.5814007282897}, {"id": 8, "img_name": "DSCF0720", "width": 3115, "height": 2078, "position": [-0.09152129049557911, 2.841183915267326, -2.7177156946070045], "rotation": [[0.9970661389916211, 0.016648516851419673, -0.07471239096019518], [-0.03515363604406003, 0.9666335855466693, -0.2537394986321042], [0.06799512003977067, 0.2556214744105781, 0.9643828728627128]], "fy": 3240.8079303073573, "fx": 3231.5814007282897}, {"id": 9, "img_name": "DSCF0728", "width": 3115, "height": 2078, "position": [2.5282675341240197, 1.9967493303077726, -1.4598594625997567], "rotation": [[0.6016345900300155, 0.3170397509610917, -0.7331586570381231], [-0.47112965995581985, 0.8820487126240971, -0.005187684270100864], [0.6450369474606308, 0.3485338790830838, 0.6800378456688786]], "fy": 3240.8079303073573, "fx": 3231.5814007282897}, {"id": 10, "img_name": "DSCF0736", "width": 3115, "height": 2078, "position": [3.1006825928587096, 0.7425443680088837, -1.2307779056443888], "rotation": [[0.45232930980748176, 0.46668889849694506, -0.7599997812557548], [-0.5468433271328041, 0.8183053727785368, 0.1770273776908674], [0.7045286162104502, 0.3355261374341619, 0.6253492144706826]], "fy": 3240.8079303073573, "fx": 3231.5814007282897}, {"id": 11, "img_name": "DSCF0744", "width": 3115, "height": 2078, "position": [1.8134759618809992, 1.6620699919439825, -2.4137926882186655], "rotation": [[0.7685493868906291, 0.39134506491462745, -0.5061431418847875], [-0.40931245871808025, 0.9087790296336726, 0.08114176751981707], [0.4917267036151259, 0.14480923818957914, 0.8586239767714128]], "fy": 3240.8079303073573, "fx": 3231.5814007282897}, {"id": 12, "img_name": "DSCF0752", "width": 3115, "height": 2078, "position": [1.9122315876088096, 0.8584009347864447, -2.0830754608837645], "rotation": [[0.6062354404759047, 0.5021787905856544, -0.6166806734420296], [-0.44865632283014, 0.8562031939504499, 0.2561710261789679], [0.6566476183582203, 0.12137772841414432, 0.744366410008874]], "fy": 3240.8079303073573, "fx": 3231.5814007282897}, {"id": 13, "img_name": "DSCF0760", "width": 3115, "height": 2078, "position": [3.0864188199607208, 1.4270066317686945, -0.4031135987402961], "rotation": [[0.3314346355384226, 0.32565934724366064, -0.8854925589288402], [-0.5412841889450811, 0.8343518438882459, 0.10425175009729895], [0.7727629061772948, 0.4447504807789609, 0.4528073549350811]], "fy": 3240.8079303073573, "fx": 3231.5814007282897}, {"id": 14, "img_name": "DSCF0768", "width": 3115, "height": 2078, "position": [2.04871588810602, 0.15622848181896917, -2.309960937208641], "rotation": [[0.6421340746547818, 0.5740696611034611, -0.5080431619142258], [-0.4451379349991154, 0.8187793334146334, 0.36256395573444905], [0.624112208654798, -0.006665386233797891, 0.7813062930979016]], "fy": 3240.8079303073573, "fx": 3231.5814007282897}, {"id": 15, "img_name": "DSCF0776", "width": 3115, "height": 2078, "position": [-4.195292374716003, 0.07107066241335089, 1.335947026851368], "rotation": [[-0.1698921297715527, -0.3198480800316277, 0.932112584370454], [0.6654079516823483, 0.6604479002395519, 0.3479092250962432], [-0.7268898968066534, 0.6793421647220554, 0.10062455540852987]], "fy": 3240.8079303073573, "fx": 3231.5814007282897}, {"id": 16, "img_name": "DSCF0784", "width": 3115, "height": 2078, "position": [-4.057656792206377, 0.5235988228260949, -0.33526745326476365], "rotation": [[0.1478586733612075, -0.5054776349913105, 0.8500765690427275], [0.6215561966323221, 0.7160640028460417, 0.31767945834766514], [-0.7692890920452634, 0.4813986958350586, 0.4200590297904318]], "fy": 3240.8079303073573, "fx": 3231.5814007282897}, {"id": 17, "img_name": "DSCF0792", "width": 3115, "height": 2078, "position": [-3.8767982888649932, -0.454333615721714, 0.08267779356341748], "rotation": [[-0.04107443988244299, -0.5988942623108514, 0.7997740636951692], [0.5742059388863318, 0.640915443182257, 0.5094260833900803], [-0.8176799068926726, 0.48015940817777586, 0.3175633993431206]], "fy": 3240.8079303073573, "fx": 3231.5814007282897}, {"id": 18, "img_name": "DSCF0800", "width": 3115, "height": 2078, "position": [-3.8552451696137005, -1.5202579354632693, 1.5862082197698957], "rotation": [[-0.34423545920731724, -0.5683455138161567, 0.7473187576592574], [0.4731640929529276, 0.5824784338621332, 0.6609346527649689], [-0.8109363043817686, 0.5811215458151292, 0.06841095836979716]], "fy": 3240.8079303073573, "fx": 3231.5814007282897}, {"id": 19, "img_name": "DSCF0808", "width": 3115, "height": 2078, "position": [-3.953032563858075, -1.3229920213923798, 0.03874611210923285], "rotation": [[-0.09300399692577932, -0.6668688401759711, 0.7393485014241826], [0.5884040712515091, 0.5622143484938695, 0.5811158879967598], [-0.8032004142743447, 0.4890817685724632, 0.3401001590113604]], "fy": 3240.8079303073573, "fx": 3231.5814007282897}, {"id": 20, "img_name": "DSCF0816", "width": 3115, "height": 2078, "position": [-0.8970295939392136, -1.6650402942889309, 3.4890952065735013], "rotation": [[-0.9829969465075139, -0.04735183519868322, 0.17741140566553132], [0.13228816321881753, 0.487437853247199, 0.8630783168947957], [-0.1273453769443338, 0.8718727790939906, -0.47288583405070034]], "fy": 3240.8079303073573, "fx": 3231.5814007282897}, {"id": 21, "img_name": "DSCF0824", "width": 3115, "height": 2078, "position": [-2.35521465357497, -1.2901559196686863, 2.955097766477944], "rotation": [[-0.7850108448319719, -0.23585595496140965, 0.5728262755892352], [0.3899446900168958, 0.5303702899020336, 0.7527619107771459], [-0.48135341717268404, 0.8142968280046744, -0.32437565210370706]], "fy": 3240.8079303073573, "fx": 3231.5814007282897}, {"id": 22, "img_name": "DSCF0832", "width": 3115, "height": 2078, "position": [-1.6398213727190352, -2.5595613272627173, 2.712828051836535], "rotation": [[-0.9401546156420529, -0.2097730571333906, 0.2685229286073261], [0.19079008297794123, 0.32886064752986754, 0.9249053025815704], [-0.28232683705984135, 0.9207855010843444, -0.26915723670122316]], "fy": 3240.8079303073573, "fx": 3231.5814007282897}, {"id": 23, "img_name": "DSCF0840", "width": 3115, "height": 2078, "position": [0.17772336623632032, -2.005791894582425, 3.627636603605586], "rotation": [[-0.9935936370340198, 0.03609169354628388, -0.10709376313524897], [-0.07263352444394698, 0.5220517272558695, 0.8498154889127483], [0.08657976421981199, 0.8521498598991402, -0.5160858074986336]], "fy": 3240.8079303073573, "fx": 3231.5814007282897}, {"id": 24, "img_name": "DSCF0848", "width": 3115, "height": 2078, "position": [2.1290051954914384, -1.4691302062827776, 2.260181654573139], "rotation": [[-0.7133885897226594, 0.35541107244973347, -0.6039533836594049], [-0.44881335543462364, 0.43016463963745816, 0.7832783380057756], [0.5381851837769488, 0.8298441735565211, -0.1473613096347389]], "fy": 3240.8079303073573, "fx": 3231.5814007282897}, {"id": 25, "img_name": "DSCF0856", "width": 3115, "height": 2078, "position": [2.7601795090375276, -1.125708135150758, 1.4357721890393254], "rotation": [[-0.5330442670761264, 0.5024532787532168, -0.6807382110675269], [-0.5130185079167023, 0.4478604500122144, 0.732279337309047], [0.6728118755433757, 0.7395686039746407, 0.01903838603468544]], "fy": 3240.8079303073573, "fx": 3231.5814007282897}, {"id": 26, "img_name": "DSCF0864", "width": 3115, "height": 2078, "position": [1.911329553906053, -2.279003443207459, 1.5051511614375404], "rotation": [[-0.6720134405799555, 0.5429162902326303, -0.5036266846384619], [-0.3796913823208292, 0.3312793359383652, 0.8637641204469733], [0.6357927255569918, 0.7716838104951237, -0.016483529614059668]], "fy": 3240.8079303073573, "fx": 3231.5814007282897}, {"id": 27, "img_name": "DSCF0872", "width": 3115, "height": 2078, "position": [1.2908998145038317, -2.931140482897417, 1.4637647221691972], "rotation": [[-0.8054858824834539, 0.4817219302547306, -0.34516152020685575], [-0.3132718664328179, 0.1482822214559222, 0.9380155225271035], [0.5030439650980318, 0.863687654601913, 0.03147069218648892]], "fy": 3240.8079303073573, "fx": 3231.5814007282897}, {"id": 28, "img_name": "DSCF0880", "width": 3115, "height": 2078, "position": [2.6033276288413902, -0.9012656517337638, 1.4693556898497973], "rotation": [[-0.4432119507222835, 0.5851607463316948, -0.679080310191278], [-0.45595732026042346, 0.505072327526473, 0.7328061585903363], [0.7717940715228914, 0.6344200855265582, 0.04295423428013682]], "fy": 3240.8079303073573, "fx": 3231.5814007282897}, {"id": 29, "img_name": "DSCF0888", "width": 3115, "height": 2078, "position": [1.9908868214032833, -0.6213176364032, 1.283561990500427], "rotation": [[-0.4851324486937573, 0.557928654239167, -0.6733217091430145], [-0.4399359913644051, 0.509727186677736, 0.7393473599491772], [0.7557134580822392, 0.654899848786417, -0.0018323026254334846]], "fy": 3240.8079303073573, "fx": 3231.5814007282897}, {"id": 30, "img_name": "DSCF0896", "width": 3115, "height": 2078, "position": [0.9608880182052784, -2.282861530520878, 2.445915105023406], "rotation": [[-0.869934233420232, 0.3134922224882999, -0.3807059967519539], [-0.27590183969867593, 0.33048102752449054, 0.9025854337940773], [0.4087696226169926, 0.8902274523321009, -0.20100367842369965]], "fy": 3240.8079303073573, "fx": 3231.5814007282897}, {"id": 31, "img_name": "DSCF0904", "width": 3115, "height": 2078, "position": [3.037724759402809, 0.4553851477928022, 1.3379756203132023], "rotation": [[-0.23912588850573943, 0.21435686957750436, -0.9470321757529004], [-0.6743377840340258, 0.6650928600996368, 0.3208115341887892], [0.6986324945709438, 0.7153339219619168, -0.014491984686784011]], "fy": 3240.8079303073573, "fx": 3231.5814007282897}, {"id": 32, "img_name": "DSCF0912", "width": 3115, "height": 2078, "position": [3.178716742149415, 0.5329783727506212, 0.24539704923158917], "rotation": [[-0.08971550875547317, 0.3831758268614145, -0.9193081165734467], [-0.6818700539452869, 0.6491567916753019, 0.3371182127303125], [0.725950657428863, 0.6570934070061122, 0.20303668990530208]], "fy": 3240.8079303073573, "fx": 3231.5814007282897}, {"id": 33, "img_name": "DSCF0920", "width": 3115, "height": 2078, "position": [3.301731428854594, 0.27681110811102333, 1.4404772611480627], "rotation": [[-0.2850683641420332, 0.21814874174017565, -0.9333526419540277], [-0.7269652275109529, 0.5854380044884248, 0.358864738990277], [0.6247059994552107, 0.7808158997982745, -0.00830330457571651]], "fy": 3240.8079303073573, "fx": 3231.5814007282897}, {"id": 34, "img_name": "DSCF0928", "width": 3115, "height": 2078, "position": [3.1386421329694163, 0.311927341606938, -0.497743935948672], "rotation": [[-0.005525400415371689, 0.5061612373062583, -0.8624211684547449], [-0.7083406097765276, 0.60677674368245, 0.3606599005538868], [0.705849169788891, 0.6128807267117479, 0.3551818750071758]], "fy": 3240.8079303073573, "fx": 3231.5814007282897}, {"id": 35, "img_name": "DSCF0657", "width": 3115, "height": 2078, "position": [-3.447550293612859, 1.9332162069831742, -0.8451305630063618], "rotation": [[0.6232529930202758, -0.21977203475919327, 0.7505038037405752], [0.4308573407670316, 0.8974041363353761, -0.09501456727955011], [-0.6526236730294344, 0.38257818655271236, 0.6540002083911044]], "fy": 3240.8079303073573, "fx": 3231.5814007282897}, {"id": 36, "img_name": "DSCF0658", "width": 3115, "height": 2078, "position": [-3.3423470718398542, 1.9798095023555027, -0.9864374407142353], "rotation": [[0.660219586565919, -0.2133180648728854, 0.7201426946887778], [0.4077273863961059, 0.9070323205905525, -0.10512253700666502], [-0.6307681633511059, 0.36302585665900516, 0.6858161207639173]], "fy": 3240.8079303073573, "fx": 3231.5814007282897}, {"id": 37, "img_name": "DSCF0659", "width": 3115, "height": 2078, "position": [-3.2436580587742228, 2.0556785701510254, -1.0996525105458352], "rotation": [[0.6941353163596231, -0.2123069376437715, 0.6878240522187702], [0.39081207896966386, 0.913581074762285, -0.11240791238875134], [-0.6045180572271889, 0.346836249640247, 0.7171210040305287]], "fy": 3240.8079303073573, "fx": 3231.5814007282897}, {"id": 38, "img_name": "DSCF0660", "width": 3115, "height": 2078, "position": [-3.1104703724759966, 2.1035254395472855, -1.23131891546309], "rotation": [[0.7343463416093016, -0.20376532467924677, 0.6474682563828099], [0.37074310843791414, 0.9194308975919958, -0.1311349385136169], [-0.5685815668053511, 0.33634285634087463, 0.7507253058726832]], "fy": 3240.8079303073573, "fx": 3231.5814007282897}, {"id": 39, "img_name": "DSCF0661", "width": 3115, "height": 2078, "position": [-2.9459899576376394, 2.16659238484796, -1.3425728665828294], "rotation": [[0.7578262657939061, -0.20225810739789765, 0.6203152495825686], [0.352877008929589, 0.9267440708053065, -0.1289311591358565], [-0.5487961073493238, 0.31660240873851436, 0.7736832344953587]], "fy": 3240.8079303073573, "fx": 3231.5814007282897}, {"id": 40, "img_name": "DSCF0662", "width": 3115, "height": 2078, "position": [-2.798708577493961, 2.2224755617984346, -1.4678032863409773], "rotation": [[0.7866159400641787, -0.18594294096221947, 0.5887788935952688], [0.3310544912752297, 0.9319365538305563, -0.14797696929226992], [-0.521189300200462, 0.3113189399004614, 0.7946333940980618]], "fy": 3240.8079303073573, "fx": 3231.5814007282897}, {"id": 41, "img_name": "DSCF0663", "width": 3115, "height": 2078, "position": [-2.6589053375983642, 2.28762065693878, -1.5781486723343057], "rotation": [[0.8208356598414108, -0.1822386752851793, 0.5413112642122078], [0.31253856838519245, 0.9365674774259859, -0.1586222036779835], [-0.4780674249564072, 0.2993834087891783, 0.8257245979970087]], "fy": 3240.8079303073573, "fx": 3231.5814007282897}, {"id": 42, "img_name": "DSCF0665", "width": 3115, "height": 2078, "position": [-2.319625111752014, 2.4149179177607945, -1.7465883590662932], "rotation": [[0.8662040549993323, -0.16938420539072233, 0.47010586687135403], [0.27748791125828537, 0.9454546409017195, -0.17063405610520593], [-0.4155610595426714, 0.2782526063877105, 0.8659587131210231]], "fy": 3240.8079303073573, "fx": 3231.5814007282897}, {"id": 43, "img_name": "DSCF0666", "width": 3115, "height": 2078, "position": [-2.1494292705125546, 2.449707347856906, -1.8403281972330474], "rotation": [[0.8866661555423259, -0.15927231188430613, 0.4341145693049476], [0.25911306127759187, 0.9487050994250172, -0.18116030415166318], [-0.38299288517039937, 0.27311346541684195, 0.8824542395596822]], "fy": 3240.8079303073573, "fx": 3231.5814007282897}, {"id": 44, "img_name": "DSCF0667", "width": 3115, "height": 2078, "position": [-1.9511868468526608, 2.5030679012941217, -1.9249310712568746], "rotation": [[0.9116163886758655, -0.157233725847131, 0.3797803514583171], [0.24108026554399994, 0.9528673563311534, -0.18418497985371465], [-0.3329202088531246, 0.2594635941605451, 0.9065554466454236]], "fy": 3240.8079303073573, "fx": 3231.5814007282897}, {"id": 45, "img_name": "DSCF0668", "width": 3115, "height": 2078, "position": [-1.758207911250091, 2.55536132326935, -1.9820891876739728], "rotation": [[0.9274384966337774, -0.153902988296978, 0.34083970595419055], [0.23029188309570553, 0.9531255141091641, -0.19625851047629822], [-0.29465824872538826, 0.26051031562569965, 0.9194079028976669]], "fy": 3240.8079303073573, "fx": 3231.5814007282897}, {"id": 46, "img_name": "DSCF0669", "width": 3115, "height": 2078, "position": [-1.578118838778139, 2.606655330788005, -2.027055217824633], "rotation": [[0.9467301044556146, -0.1423095990609735, 0.2888772876717136], [0.205485090280474, 0.9576581605021134, -0.20165992486394974], [-0.24794754886847836, 0.2502774972681591, 0.9358863111357598]], "fy": 3240.8079303073573, "fx": 3231.5814007282897}, {"id": 47, "img_name": "DSCF0670", "width": 3115, "height": 2078, "position": [-1.3826464053482295, 2.6644627185971697, -2.0466480567516383], "rotation": [[0.9629034517005831, -0.12488888141282542, 0.23920641714334456], [0.17711668810486225, 0.9612877610251402, -0.21108178343485196], [-0.20358443333876847, 0.24561882623839326, 0.9477472082255936]], "fy": 3240.8079303073573, "fx": 3231.5814007282897}, {"id": 48, "img_name": "DSCF0671", "width": 3115, "height": 2078, "position": [-1.1808184017302772, 2.6933101960617245, -2.0840749556554403], "rotation": [[0.973027087561392, -0.12035064625897345, 0.19680957501311477], [0.16219387906801438, 0.9635720182921992, -0.2126549109641447], [-0.1640470434499377, 0.23884029708017326, 0.9571018127795959]], "fy": 3240.8079303073573, "fx": 3231.5814007282897}, {"id": 49, "img_name": "DSCF0673", "width": 3115, "height": 2078, "position": [-0.7968517539004958, 2.684579428228236, -2.266158360121473], "rotation": [[0.9890888704964227, -0.08999460630982668, 0.11663694567010127], [0.11341215888325644, 0.9704567801734479, -0.2129584936855619], [-0.09402599894470595, 0.22386292379606723, 0.9700744831567968]], "fy": 3240.8079303073573, "fx": 3231.5814007282897}, {"id": 50, "img_name": "DSCF0674", "width": 3115, "height": 2078, "position": [-0.6052285750731093, 2.6883151502129428, -2.365014043760801], "rotation": [[0.9935785879851233, -0.07518530173931538, 0.08455033944258727], [0.08997715716158652, 0.9781217090131069, -0.18756874352193714], [-0.06859810993466064, 0.1939718865187612, 0.9786057462296781]], "fy": 3240.8079303073573, "fx": 3231.5814007282897}, {"id": 51, "img_name": "DSCF0675", "width": 3115, "height": 2078, "position": [-0.4656639779206298, 2.631151445918603, -2.4813456754629675], "rotation": [[0.9969687610987968, -0.059705916291448814, 0.04988479681153791], [0.06736169795210659, 0.983235554777728, -0.16944097931121155], [-0.038931876940870414, 0.1722876878384865, 0.9842770248142181]], "fy": 3240.8079303073573, "fx": 3231.5814007282897}, {"id": 52, "img_name": "DSCF0676", "width": 3115, "height": 2078, "position": [-0.3947077261581163, 2.5177953816496674, -2.5983625965327635], "rotation": [[0.9980854995059446, -0.05469879650637247, 0.028868275610496628], [0.05865993579607239, 0.9851269633045023, -0.161505040487443], [-0.019604785343629874, 0.1628892502014924, 0.9864495651377346]], "fy": 3240.8079303073573, "fx": 3231.5814007282897}, {"id": 53, "img_name": "DSCF0677", "width": 3115, "height": 2078, "position": [-0.42079473090461944, 2.420854437501209, -2.6864524343693454], "rotation": [[0.9972100934932215, -0.0637506233763158, 0.03883152655216393], [0.06811645813656379, 0.9899336742645838, -0.12406235806218797], [-0.030531583093086193, 0.12636130173495336, 0.9915143185338666]], "fy": 3240.8079303073573, "fx": 3231.5814007282897}, {"id": 54, "img_name": "DSCF0678", "width": 3115, "height": 2078, "position": [-0.52674662047482, 2.2804537183702163, -2.782174132467548], "rotation": [[0.9926943039025666, -0.09062510708080135, 0.07965619226395397], [0.09875256710685698, 0.989574331740109, -0.10483593110628724], [-0.06932495574614111, 0.11193628512555606, 0.9912942643751581]], "fy": 3240.8079303073573, "fx": 3231.5814007282897}, {"id": 55, "img_name": "DSCF0679", "width": 3115, "height": 2078, "position": [-0.6742641741810829, 2.1372790580147094, -2.852300940601477], "rotation": [[0.9889214154364487, -0.10110816933087756, 0.10868105716144438], [0.1104800251716891, 0.9903246381866142, -0.08397187051992176], [-0.09913928650758738, 0.09504866698228939, 0.9905236760298345]], "fy": 3240.8079303073573, "fx": 3231.5814007282897}, {"id": 56, "img_name": "DSCF0681", "width": 3115, "height": 2078, "position": [-1.0709135437161899, 1.9285885232853965, -2.8500680528242586], "rotation": [[0.9651700520264568, -0.15381204097441586, 0.21163323633713804], [0.16692553379049915, 0.9849213941354711, -0.04545012148495079], [-0.20145132623044024, 0.07919408706162637, 0.9762917902627637]], "fy": 3240.8079303073573, "fx": 3231.5814007282897}, {"id": 57, "img_name": "DSCF0682", "width": 3115, "height": 2078, "position": [-1.2896525918339918, 1.8349633989362253, -2.8033920648380097], "rotation": [[0.9484980541345727, -0.18458962506243462, 0.2574453565754085], [0.19822677854500192, 0.9797610890373364, -0.027827193103932498], [-0.24709833178433274, 0.07742660219641953, 0.9658920931976394]], "fy": 3240.8079303073573, "fx": 3231.5814007282897}, {"id": 58, "img_name": "DSCF0683", "width": 3115, "height": 2078, "position": [-1.5811060389249765, 1.741679586738438, -2.714313262699685], "rotation": [[0.924594187851536, -0.22356507984431942, 0.3084546042213695], [0.2387393927811156, 0.9710114640013869, -0.011842259598055386], [-0.2968654411103839, 0.08458954930774015, 0.9511653473619877]], "fy": 3240.8079303073573, "fx": 3231.5814007282897}, {"id": 59, "img_name": "DSCF0684", "width": 3115, "height": 2078, "position": [-1.8030588269609071, 1.7029111959511876, -2.6441611574129222], "rotation": [[0.8959478064450659, -0.2563381485954018, 0.36272342314903827], [0.2693709548646335, 0.9629175406198435, 0.015136004821202828], [-0.353152681996881, 0.08414608452752634, 0.9317739101612024]], "fy": 3240.8079303073573, "fx": 3231.5814007282897}, {"id": 60, "img_name": "DSCF0685", "width": 3115, "height": 2078, "position": [-2.0506229928543585, 1.6971946296130196, -2.6036566388032747], "rotation": [[0.8726052217423786, -0.2714940599864069, 0.4060185985641932], [0.29134230048430587, 0.9565242133041365, 0.01345709149167862], [-0.39202014098314725, 0.10654766424000224, 0.9137657272564742]], "fy": 3240.8079303073573, "fx": 3231.5814007282897}, {"id": 61, "img_name": "DSCF0686", "width": 3115, "height": 2078, "position": [-2.3161159118614236, 1.6891817318279625, -2.514161382829776], "rotation": [[0.8469971536090012, -0.2858104224210447, 0.44822787085784177], [0.31254157990278214, 0.9497851719339113, 0.01502957106318736], [-0.4300157934426629, 0.12735984300388617, 0.8937929781442134]], "fy": 3240.8079303073573, "fx": 3231.5814007282897}, {"id": 62, "img_name": "DSCF0687", "width": 3115, "height": 2078, "position": [-2.5589991404871384, 1.692361518541446, -2.364810512256995], "rotation": [[0.8133552721964209, -0.29844801335590965, 0.49938160209823224], [0.33254459840146733, 0.9428344411764074, 0.02184734779277476], [-0.47735447129391495, 0.14829699880807576, 0.8661066382843539]], "fy": 3240.8079303073573, "fx": 3231.5814007282897}, {"id": 63, "img_name": "DSCF0689", "width": 3115, "height": 2078, "position": [-2.9414821576451438, 1.6579184762270713, -2.0309946307671902], "rotation": [[0.7448666775371329, -0.3393546792244067, 0.5744667391444807], [0.3867331812293175, 0.921200987876599, 0.042733903068055544], [-0.543701277569811, 0.19033428914328113, 0.8174116338450764]], "fy": 3240.8079303073573, "fx": 3231.5814007282897}, {"id": 64, "img_name": "DSCF0690", "width": 3115, "height": 2078, "position": [-3.1270714219453923, 1.5662197893753194, -1.8714777477211268], "rotation": [[0.6960977132163714, -0.36497459798965204, 0.618256836983814], [0.4206698899521158, 0.9051795385733871, 0.06071940905299374], [-0.581794480330136, 0.2178153937864858, 0.7836272308228096]], "fy": 3240.8079303073573, "fx": 3231.5814007282897}, {"id": 65, "img_name": "DSCF0691", "width": 3115, "height": 2078, "position": [-3.3016249382432266, 1.4500980502182546, -1.6665910327598217], "rotation": [[0.6355385759936168, -0.39122916074752395, 0.6656053351685169], [0.463005601382403, 0.8830109578530642, 0.07692503753612152], [-0.6178321224349905, 0.25929016967907287, 0.742328819590936]], "fy": 3240.8079303073573, "fx": 3231.5814007282897}, {"id": 66, "img_name": "DSCF0692", "width": 3115, "height": 2078, "position": [-3.4862909797804678, 1.392046285866299, -1.4465827505604694], "rotation": [[0.5796299966740129, -0.4074150779432141, 0.7057209230426771], [0.48677635909722466, 0.8676567167744266, 0.10109697354655216], [-0.6535119304035185, 0.28492942301690627, 0.7012398881406557]], "fy": 3240.8079303073573, "fx": 3231.5814007282897}, {"id": 67, "img_name": "DSCF0693", "width": 3115, "height": 2078, "position": [-3.6689515254388763, 1.3294593819514433, -1.2243711243296298], "rotation": [[0.5206791329221347, -0.41831430299140593, 0.7442488726577073], [0.5096391994311007, 0.851673465584107, 0.12214824772866666], [-0.6849533757436932, 0.31569835592345297, 0.6566379680802413]], "fy": 3240.8079303073573, "fx": 3231.5814007282897}, {"id": 68, "img_name": "DSCF0694", "width": 3115, "height": 2078, "position": [-3.8328964102461525, 1.2159145353995566, -1.0176291566586966], "rotation": [[0.4775518527742848, -0.41127612228435045, 0.7763994971344298], [0.5251781518104615, 0.8420527359233666, 0.12302478931061384], [-0.7043664790240914, 0.348997336899182, 0.6181170779589279]], "fy": 3240.8079303073573, "fx": 3231.5814007282897}, {"id": 69, "img_name": "DSCF0695", "width": 3115, "height": 2078, "position": [-3.9566763305433694, 1.0742414157444453, -0.9207076421564617], "rotation": [[0.4471074677367162, -0.42612500826199196, 0.7864555865576761], [0.5333877885737547, 0.8328206439546404, 0.14801095230886693], [-0.7180476163141694, 0.3533090040413567, 0.5996502050102575]], "fy": 3240.8079303073573, "fx": 3231.5814007282897}, {"id": 70, "img_name": "DSCF0697", "width": 3115, "height": 2078, "position": [-4.039680508154866, 0.5924827585392995, -0.9838226915354197], "rotation": [[0.43262676458233557, -0.4834088033940363, 0.761019061106991], [0.5362059268158728, 0.8165467595533134, 0.21385647876675296], [-0.7247877528039167, 0.31554289449158823, 0.6124666481705915]], "fy": 3240.8079303073573, "fx": 3231.5814007282897}, {"id": 71, "img_name": "DSCF0698", "width": 3115, "height": 2078, "position": [-4.01380858003602, 0.40655691911596775, -1.1237358838425142], "rotation": [[0.4503303778117609, -0.5166236826886279, 0.728218731773055], [0.5256180829534686, 0.8126920842244716, 0.2515098548987792], [-0.7217535463662351, 0.2695024057854109, 0.6375266830365914]], "fy": 3240.8079303073573, "fx": 3231.5814007282897}, {"id": 72, "img_name": "DSCF0699", "width": 3115, "height": 2078, "position": [-3.9416368833426754, 0.2597370330991933, -1.3185394468705605], "rotation": [[0.48117651277187923, -0.5326992949368743, 0.6962044417629424], [0.5031433613451688, 0.8181731111821863, 0.2782795681913187], [-0.7178550839068973, 0.21638905081408055, 0.6617097983231038]], "fy": 3240.8079303073573, "fx": 3231.5814007282897}, {"id": 73, "img_name": "DSCF0700", "width": 3115, "height": 2078, "position": [-3.8106129413731478, 0.1534480043787547, -1.5432303988589982], "rotation": [[0.5290566514233599, -0.5382142853184047, 0.6560674071037979], [0.48738037330274037, 0.8256177817632634, 0.2842809352657854], [-0.6946649777439359, 0.16935365811079262, 0.6991136582706061]], "fy": 3240.8079303073573, "fx": 3231.5814007282897}, {"id": 74, "img_name": "DSCF0701", "width": 3115, "height": 2078, "position": [-3.598215008194829, 0.10604734034059025, -1.7486888571867487], "rotation": [[0.582704746414133, -0.5393446015688452, 0.6079165890687509], [0.46525191754332323, 0.8347150599898481, 0.29460383882156876], [-0.6663301221832176, 0.11116730357748045, 0.7373235374559872]], "fy": 3240.8079303073573, "fx": 3231.5814007282897}, {"id": 75, "img_name": "DSCF0702", "width": 3115, "height": 2078, "position": [-3.2688703955965632, 0.18059422240552048, -1.9584320693158463], "rotation": [[0.6480089933843304, -0.5272358477722419, 0.5496423430894972], [0.43493982493105526, 0.8485856467353426, 0.3012137925854386], [-0.6252293124782059, 0.04387209795127445, 0.7792069980687955]], "fy": 3240.8079303073573, "fx": 3231.5814007282897}, {"id": 76, "img_name": "DSCF0703", "width": 3115, "height": 2078, "position": [-3.0278056128401323, 0.20731496412494765, -2.1494894655981356], "rotation": [[0.687809227271028, -0.5195317426115783, 0.5069568377088998], [0.4283388919744623, 0.8543250692777431, 0.29437131250457965], [-0.5860411764568434, 0.014678025158574288, 0.8101483167139972]], "fy": 3240.8079303073573, "fx": 3231.5814007282897}, {"id": 77, "img_name": "DSCF0705", "width": 3115, "height": 2078, "position": [-2.5152574971016723, 0.42322629920829796, -2.4694640976704747], "rotation": [[0.7776526579795038, -0.46047161571391604, 0.42804466432748395], [0.3686445859347808, 0.8854957063545144, 0.2828401019811262], [-0.5092715511378844, -0.06215500904621911, 0.8583584577856024]], "fy": 3240.8079303073573, "fx": 3231.5814007282897}, {"id": 78, "img_name": "DSCF0706", "width": 3115, "height": 2078, "position": [-2.246191828638258, 0.5498508804399368, -2.5650118433875346], "rotation": [[0.8121061865542666, -0.42576054856809165, 0.3990131539727532], [0.33434230905322004, 0.8999584139782456, 0.2798036337982799], [-0.47822459382307764, -0.09382328278608922, 0.8732115605453205]], "fy": 3240.8079303073573, "fx": 3231.5814007282897}, {"id": 79, "img_name": "DSCF0707", "width": 3115, "height": 2078, "position": [-2.0069094655697386, 0.653995092235104, -2.6028822493571897], "rotation": [[0.8589384423857068, -0.37326938184055714, 0.35056343330756023], [0.2931136781942908, 0.9197281131123066, 0.26112175245714414], [-0.4198918001669355, -0.12153257395136752, 0.8994001943636245]], "fy": 3240.8079303073573, "fx": 3231.5814007282897}, {"id": 80, "img_name": "DSCF0708", "width": 3115, "height": 2078, "position": [-1.7618237943356432, 0.7837890932007624, -2.642840803546614], "rotation": [[0.8997933441044605, -0.3139044158491315, 0.3030444779495705], [0.2495226258742475, 0.9399740191671851, 0.23278166265302916], [-0.3579251277601679, -0.13383893679009815, 0.9241086201939487]], "fy": 3240.8079303073573, "fx": 3231.5814007282897}, {"id": 81, "img_name": "DSCF0709", "width": 3115, "height": 2078, "position": [-1.5226119734620127, 0.915883255286731, -2.6879117995424213], "rotation": [[0.9334721456850953, -0.2480950078175739, 0.25899540599412657], [0.20203360246029142, 0.9604102649023031, 0.19181904636194197], [-0.29633119428602417, -0.12673196189709154, 0.9466397588981421]], "fy": 3240.8079303073573, "fx": 3231.5814007282897}, {"id": 82, "img_name": "DSCF0710", "width": 3115, "height": 2078, "position": [-1.2878009512807183, 1.075376142196655, -2.716214339443608], "rotation": [[0.9582022739435888, -0.20439033401529552, 0.2001824007510442], [0.1703727354788864, 0.9697786097436694, 0.1746498757201892], [-0.22982935672967703, -0.13324428484836434, 0.9640666093898651]], "fy": 3240.8079303073573, "fx": 3231.5814007282897}, {"id": 83, "img_name": "DSCF0711", "width": 3115, "height": 2078, "position": [-1.0738648756792681, 1.2058567290668831, -2.7619468494713324], "rotation": [[0.9770074109647788, -0.15401231585472197, 0.14743380034769937], [0.13181708013680588, 0.9798511875636594, 0.15005301601198567], [-0.16757319685470826, -0.12716861560602008, 0.9776233256734116]], "fy": 3240.8079303073573, "fx": 3231.5814007282897}, {"id": 84, "img_name": "DSCF0713", "width": 3115, "height": 2078, "position": [-0.7046105290819233, 1.5286952115397636, -2.8572342737092526], "rotation": [[0.9965423774531, -0.06353479029083699, 0.053540828932901165], [0.059063891961240594, 0.9949371798591015, 0.08131091439904473], [-0.05843583324051878, -0.07786744221250141, 0.99524967462279]], "fy": 3240.8079303073573, "fx": 3231.5814007282897}, {"id": 85, "img_name": "DSCF0714", "width": 3115, "height": 2078, "position": [-0.5588890213754111, 1.6897997789828603, -2.841146510565243], "rotation": [[0.9997858740661477, -0.010525076311373827, 0.017816531268141127], [0.009658478496904462, 0.9987984096048211, 0.048046339756579556], [-0.018300814487714118, -0.04786397120506823, 0.9986861971858663]], "fy": 3240.8079303073573, "fx": 3231.5814007282897}, {"id": 86, "img_name": "DSCF0715", "width": 3115, "height": 2078, "position": [-0.3899878780926883, 1.844367922255108, -2.8142378866055644], "rotation": [[0.9995540485009501, 0.02661808165381383, -0.013534469122627285], [-0.026458197415217637, 0.9995795865823103, 0.011858072249537163], [0.013844418185601826, -0.011494686468485, 0.999838089026465]], "fy": 3240.8079303073573, "fx": 3231.5814007282897}, {"id": 87, "img_name": "DSCF0716", "width": 3115, "height": 2078, "position": [-0.26886625486552923, 2.0103086170658218, -2.8124708463779764], "rotation": [[0.9982075022924713, 0.04528263434085175, -0.03913138630535251], [-0.0467516390634973, 0.9982032286835196, -0.03747797340670057], [0.03736397478725315, 0.039240250673888345, 0.9985309890610046]], "fy": 3240.8079303073573, "fx": 3231.5814007282897}, {"id": 88, "img_name": "DSCF0717", "width": 3115, "height": 2078, "position": [-0.17568705453665004, 2.216071839829145, -2.8190225328935123], "rotation": [[0.9970610941424266, 0.037828881713166305, -0.06661944352693625], [-0.042301389500960546, 0.9968520495847321, -0.06705657078174486], [0.0638730537378275, 0.06967759286205578, 0.9955226095168076]], "fy": 3240.8079303073573, "fx": 3231.5814007282897}, {"id": 89, "img_name": "DSCF0718", "width": 3115, "height": 2078, "position": [-0.07948852723695825, 2.4226891617162023, -2.8514031166457747], "rotation": [[0.9959666915567056, 0.05055066810742949, -0.07412812734369052], [-0.059907762967146234, 0.9897037626850015, -0.12999046912532694], [0.06679378149096, 0.1339070277507602, 0.9887403595854146]], "fy": 3240.8079303073573, "fx": 3231.5814007282897}, {"id": 90, "img_name": "DSCF0719", "width": 3115, "height": 2078, "position": [-0.05264811861583812, 2.6169586500142334, -2.7995578450027683], "rotation": [[0.995665593749423, 0.03540789136845044, -0.08600178284459761], [-0.04967348833995969, 0.9842134879311888, -0.16987158305750694], [0.07862932010229519, 0.17340729916345393, 0.9817063403162309]], "fy": 3240.8079303073573, "fx": 3231.5814007282897}, {"id": 91, "img_name": "DSCF0721", "width": 3115, "height": 2078, "position": [-0.04651482880340278, 3.029289929125809, -2.7112002871409477], "rotation": [[0.9979603060083688, 0.011791687853877644, -0.062739012816903], [-0.029969798125713085, 0.9542957469239229, -0.2973574256735757], [0.0563652271528006, 0.2986311830677916, 0.9527026701272252]], "fy": 3240.8079303073573, "fx": 3231.5814007282897}, {"id": 92, "img_name": "DSCF0722", "width": 3115, "height": 2078, "position": [-0.0007224767660926014, 3.1278263255361467, -2.77287363674596], "rotation": [[0.9971971615723916, -0.000875351230443475, -0.07481346611532438], [-0.02331582645777484, 0.9465022492656934, -0.3218537934708464], [0.07109284906765485, 0.3226960270830843, 0.9438289468522552]], "fy": 3240.8079303073573, "fx": 3231.5814007282897}, {"id": 93, "img_name": "DSCF0723", "width": 3115, "height": 2078, "position": [1.9059293901462582, 2.4779170458072706, -1.8037598278823792], "rotation": [[0.7252472401446365, 0.25141133393616344, -0.6409436650993805], [-0.38431846650526985, 0.9202378260052855, -0.07390304386223635], [0.5712405421235661, 0.29992446508663606, 0.7640219619074243]], "fy": 3240.8079303073573, "fx": 3231.5814007282897}, {"id": 94, "img_name": "DSCF0724", "width": 3115, "height": 2078, "position": [1.9818662075483786, 2.4057333462741557, -1.7544024472954662], "rotation": [[0.7011815497261805, 0.26446016636283554, -0.6621217824017975], [-0.39812423922473583, 0.9156269062418608, -0.05589685776216726], [0.5914740268729619, 0.302800576243342, 0.7473086956281071]], "fy": 3240.8079303073573, "fx": 3231.5814007282897}, {"id": 95, "img_name": "DSCF0725", "width": 3115, "height": 2078, "position": [2.0911271255705306, 2.3230419746291977, -1.7009654966666707], "rotation": [[0.6707300355360908, 0.28446300148565923, -0.6849832262293174], [-0.419186324806379, 0.9072750666356645, -0.033686474386189345], [0.6118856466081513, 0.30973013131921845, 0.7277796378217135]], "fy": 3240.8079303073573, "fx": 3231.5814007282897}, {"id": 96, "img_name": "DSCF0726", "width": 3115, "height": 2078, "position": [2.2090721055776843, 2.2100241727708596, -1.6572765173830604], "rotation": [[0.6484861746185753, 0.29885611421445835, -0.7001076376709522], [-0.4309768278751773, 0.9022535623164598, -0.014052868814146753], [0.6274748243262167, 0.3108432599943137, 0.7138990212578324]], "fy": 3240.8079303073573, "fx": 3231.5814007282897}, {"id": 97, "img_name": "DSCF0727", "width": 3115, "height": 2078, "position": [2.3600416974167335, 2.065067704271542, -1.6016468209740504], "rotation": [[0.6265349703123254, 0.3043436822158408, -0.717515751792974], [-0.4499116984937629, 0.8929617051692774, -0.014101654499876713], [0.6364223397510419, 0.33165391026864116, 0.6963995184298518]], "fy": 3240.8079303073573, "fx": 3231.5814007282897}, {"id": 98, "img_name": "DSCF0729", "width": 3115, "height": 2078, "position": [2.6783578933906003, 1.9004377588175223, -1.2965236592824332], "rotation": [[0.560633977634622, 0.3256803198716265, -0.7613290171600563], [-0.4929153642229829, 0.8700285964684485, 0.00920244750409186], [0.6653750722972015, 0.3701115650387819, 0.648300426183754]], "fy": 3240.8079303073573, "fx": 3231.5814007282897}, {"id": 99, "img_name": "DSCF0730", "width": 3115, "height": 2078, "position": [2.8294437044797083, 1.7747361863047442, -1.1623476473110184], "rotation": [[0.5464324847536252, 0.3284298236271122, -0.7704189707933229], [-0.5027669380756254, 0.8643404673697803, 0.01187276063305879], [0.6698036619667284, 0.3808535248875264, 0.6374273660556997]], "fy": 3240.8079303073573, "fx": 3231.5814007282897}, {"id": 100, "img_name": "DSCF073