[{"id": 0, "img_name": "_DSC8874", "width": 5068, "height": 3326, "position": [-3.904937949997803, 0.8145537871290568, 1.133124265571635], "rotation": [[-0.13715107848259683, 0.1418828683677861, 0.9803360818284667], [0.38282618527072493, 0.9203805760989182, -0.07964739173939103], [-0.9135828881618379, 0.3643745968142578, -0.1805476658789084]], "fy": 4205.602293502312, "fx": 4219.170711040734}, {"id": 1, "img_name": "_DSC8882", "width": 5068, "height": 3326, "position": [1.0268475984562218, -0.8534070456784593, 4.425708169904472], "rotation": [[-0.9880381930611936, 0.06897983761352426, -0.13792139447954788], [0.009171564745518128, 0.919079915138697, 0.393964455235195], [0.15393638768169793, 0.3879869734816584, -0.9087187116792813]], "fy": 4205.602293502312, "fx": 4219.170711040734}, {"id": 2, "img_name": "_DSC8890", "width": 5068, "height": 3326, "position": [3.773665033732914, 1.1434974704192553, -0.8762122132963152], "rotation": [[0.20798348438920208, 0.03486707859304564, -0.9775106940856007], [-0.3836298154773798, 0.9222003785314391, -0.04873013968030158], [0.8997616544941877, 0.3851373114447061, 0.20517849895889517]], "fy": 4205.602293502312, "fx": 4219.170711040734}, {"id": 3, "img_name": "_DSC8898", "width": 5068, "height": 3326, "position": [-2.610755882745686, 2.3483579585448795, -2.846191391887597], "rotation": [[0.8104925724546155, 0.054268940916932816, 0.5832295191840465], [0.14923305765984896, 0.943710439360805, -0.295195022219089], [-0.566419707017148, 0.32629049739946564, 0.7567715816608189]], "fy": 4205.602293502312, "fx": 4219.170711040734}, {"id": 4, "img_name": "_DSC8906", "width": 5068, "height": 3326, "position": [-2.02654578877827, -0.7031913477076462, 3.0075819639798955], "rotation": [[-0.8275063454090064, -0.043116740502711755, 0.5597983520842589], [0.20168015433348538, 0.9076742226237001, 0.36803888508211063], [-0.5239831711571008, 0.4174547308066868, -0.7424103879063553]], "fy": 4205.602293502312, "fx": 4219.170711040734}, {"id": 5, "img_name": "_DSC8914", "width": 5068, "height": 3326, "position": [3.7635948874624052, -0.17564796565518895, 1.0279251924947739], "rotation": [[-0.30510432924957126, 0.17912177807392965, -0.9353217290819256], [-0.34401293464595484, 0.8951006371086492, 0.2836370043629149], [0.8880126401518432, 0.4083016508261069, -0.21147887096168433]], "fy": 4205.602293502312, "fx": 4219.170711040734}, {"id": 6, "img_name": "_DSC8922", "width": 5068, "height": 3326, "position": [-0.448388040487564, 1.6829573336040071, -3.432240399713642], "rotation": [[0.9984510508635059, 0.03461458739954168, 0.04355834442125029], [-0.023336795302595467, 0.9712540595132432, -0.2368985982737138], [-0.050506366079589755, 0.23551514222700237, 0.9705574299170707]], "fy": 4205.602293502312, "fx": 4219.170711040734}, {"id": 7, "img_name": "_DSC8930", "width": 5068, "height": 3326, "position": [-3.1970297028308896, -0.4373758124434424, 0.9852937067854309], "rotation": [[-0.3552707159097127, -0.3268639628086246, 0.8757526295901383], [0.3409682827915478, 0.8270058849468355, 0.4469920540607906], [-0.8703581725629874, 0.45740705731366205, -0.18236072870131062]], "fy": 4205.602293502312, "fx": 4219.170711040734}, {"id": 8, "img_name": "_DSC8938", "width": 5068, "height": 3326, "position": [2.3629087087230434, -1.5651260493641455, 2.6915839021615864], "rotation": [[-0.8135483458716442, 0.1977049217081269, -0.546856336583837], [-0.17175319751265403, 0.8167729244998858, 0.5508019870589459], [0.5555537130410441, 0.5420283698629504, -0.6305278092122677]], "fy": 4205.602293502312, "fx": 4219.170711040734}, {"id": 9, "img_name": "_DSC8946", "width": 5068, "height": 3326, "position": [1.6113534910255367, 0.7347659663851542, -2.8916242321087116], "rotation": [[0.8293134911265655, 0.2276117675776424, -0.5103254027536246], [-0.24628723250551646, 0.9686747890846518, 0.031808050813892576], [0.5015792385458567, 0.09930778545505285, 0.8593929434244687]], "fy": 4205.602293502312, "fx": 4219.170711040734}, {"id": 10, "img_name": "_DSC8954", "width": 5068, "height": 3326, "position": [-3.598175240429801, 0.09065507955645166, -0.7500398198528716], "rotation": [[0.17020586114022795, -0.252457847743781, 0.9525203409618563], [0.37665688112510576, 0.9098923529985975, 0.1738548240797001], [-0.9105819890238447, 0.32918223078904707, 0.24995899703376398]], "fy": 4205.602293502312, "fx": 4219.170711040734}, {"id": 11, "img_name": "_DSC8962", "width": 5068, "height": 3326, "position": [1.3701957776959042, -1.922892186675796, 3.1632133679534977], "rotation": [[-0.9297420233691572, 0.1469553908863508, -0.3376149923668461], [-0.08924990419993681, 0.7996206607320484, 0.593836049369474], [0.3572313320269203, 0.5822464358155247, -0.7303251764785261]], "fy": 4205.602293502312, "fx": 4219.170711040734}, {"id": 12, "img_name": "_DSC8970", "width": 5068, "height": 3326, "position": [2.391487290894328, 0.29443842351675126, -2.514562725777423], "rotation": [[0.617355500516251, 0.2900288752500826, -0.7312697433256083], [-0.3060330791595672, 0.9448796428129931, 0.11638820841350087], [0.7247178350519898, 0.15193983058685576, 0.6720850745544007]], "fy": 4205.602293502312, "fx": 4219.170711040734}, {"id": 13, "img_name": "_DSC8978", "width": 5068, "height": 3326, "position": [-3.525916613454027, 0.4032287842271688, -1.6773036985518843], "rotation": [[0.4410541706782115, -0.23490850631063787, 0.8661923644262053], [0.31986050141581557, 0.9429047149301837, 0.09284372997920746], [-0.8385466463837165, 0.23611160967926578, 0.49101000968746844]], "fy": 4205.602293502312, "fx": 4219.170711040734}, {"id": 14, "img_name": "_DSC8986", "width": 5068, "height": 3326, "position": [-0.14708010546085248, -2.144719344027639, 3.0661267231182343], "rotation": [[-0.9996435111204032, 0.026325069916298852, 0.004454365137057818], [0.02300650064621999, 0.7646532007143201, 0.644031197664648], [0.013548121747598, 0.6439040870589714, -0.7649862580895587]], "fy": 4205.602293502312, "fx": 4219.170711040734}, {"id": 15, "img_name": "_DSC8994", "width": 5068, "height": 3326, "position": [2.885840811492498, -0.23428609648504056, -1.896066297290775], "rotation": [[0.4293191580316866, 0.39035279295614517, -0.8144383080248011], [-0.3469769023072889, 0.9038551273916378, 0.25030568901462125], [0.8338417654520561, 0.1751302535805367, 0.5234857251813224]], "fy": 4205.602293502312, "fx": 4219.170711040734}, {"id": 16, "img_name": "_DSC9002", "width": 5068, "height": 3326, "position": [-3.382029806893589, 0.4068919901285481, -2.287272124971943], "rotation": [[0.5622194675539893, -0.24030583468209626, 0.7913042247587522], [0.28980481939814956, 0.9534246652535455, 0.08363357184630259], [-0.7745466008943004, 0.18230335571213635, 0.6056756966720553]], "fy": 4205.602293502312, "fx": 4219.170711040734}, {"id": 17, "img_name": "_DSC9010", "width": 5068, "height": 3326, "position": [2.7190154501012582, -0.8049623126312573, -0.456637062110126], "rotation": [[0.000736303818828368, 0.5452941391447274, -0.8382444510231467], [-0.3917869166640858, 0.7713892969430903, 0.5014594345433071], [0.9200556884164863, 0.32804398238049637, 0.21420708633565233]], "fy": 4205.602293502312, "fx": 4219.170711040734}, {"id": 18, "img_name": "_DSC8875", "width": 5068, "height": 3326, "position": [-3.9863420205365254, 0.9732803560568223, 1.2235624511291243], "rotation": [[-0.13189739415329968, 0.45216262101898175, 0.8821292657931794], [0.3832473286992202, 0.8439635698791574, -0.37529585364314955], [-0.9141797210945344, 0.28857313955057085, -0.28460671227053974]], "fy": 4205.602293502312, "fx": 4219.170711040734}, {"id": 19, "img_name": "_DSC8876", "width": 5068, "height": 3326, "position": [-3.2174057188349314, 0.23014784850734984, 2.412228429082663], "rotation": [[-0.5379415306543996, 0.06296353353384031, 0.8406274460438078], [0.33953414069508164, 0.9289247094565658, 0.14770054659170223], [-0.7715798577591658, 0.3648759756492171, -0.5210854493212969]], "fy": 4205.602293502312, "fx": 4219.170711040734}, {"id": 20, "img_name": "_DSC8877", "width": 5068, "height": 3326, "position": [-3.2701992893369813, 0.3700492166490873, 2.492674701742058], "rotation": [[-0.5497372005837781, 0.34038224694856284, 0.7628426680886154], [0.332482302243658, 0.926920645343348, -0.17399320656573952], [-0.7663188168047728, 0.1579811482377529, -0.6227338338426887]], "fy": 4205.602293502312, "fx": 4219.170711040734}, {"id": 21, "img_name": "_DSC8878", "width": 5068, "height": 3326, "position": [-2.423654688769951, -0.2867675973733713, 3.3002513138283582], "rotation": [[-0.7738663497223868, 0.005426217630580036, 0.633325689459676], [0.24462352439146395, 0.9249260373998724, 0.2909830865429615], [-0.5842004827810803, 0.3801083812572348, -0.7170965168067388]], "fy": 4205.602293502312, "fx": 4219.170711040734}, {"id": 22, "img_name": "_DSC8879", "width": 5068, "height": 3326, "position": [-2.459677627520277, -0.08008600200666519, 3.442352650994267], "rotation": [[-0.7785189783104496, 0.24766713194154938, 0.57668812382977], [0.24791211022438714, 0.9654769824984626, -0.07996112724164568], [-0.5765828526886178, 0.08071671463526311, -0.81304183530981]], "fy": 4205.602293502312, "fx": 4219.170711040734}, {"id": 23, "img_name": "_DSC8880", "width": 5068, "height": 3326, "position": [-0.820016300083459, -0.6919466914134771, 4.178762925871695], "rotation": [[-0.9817005655724306, 0.04381053527223828, 0.18532305996267331], [0.11607263461435169, 0.9091628323765106, 0.3999376047820513], [-0.15096735755934737, 0.41412990863288424, -0.897610870994367]], "fy": 4205.602293502312, "fx": 4219.170711040734}, {"id": 24, "img_name": "_DSC8881", "width": 5068, "height": 3326, "position": [-0.806298786550875, -0.5327064389495562, 4.318163720910223], "rotation": [[-0.9643380152336815, 0.1500822472480913, 0.21800805360382075], [0.1460482684902618, 0.9886723421274526, -0.03459628857571139], [-0.22073082169502287, -0.001522817513783025, -0.975333576465334]], "fy": 4205.602293502312, "fx": 4219.170711040734}, {"id": 25, "img_name": "_DSC8883", "width": 5068, "height": 3326, "position": [1.0303046580511481, -0.7327650008491763, 4.509592733109068], "rotation": [[-0.9751919230708711, 0.00561559060666737, -0.22128980618066085], [-0.00043005058764376537, 0.9996282199932065, 0.02726237058118399], [0.22136062936716686, 0.02668120940572313, -0.9748269512230465]], "fy": 4205.602293502312, "fx": 4219.170711040734}, {"id": 26, "img_name": "_DSC8884", "width": 5068, "height": 3326, "position": [2.8483959850759413, -0.6451398261814268, 3.75876928083175], "rotation": [[-0.8366698415971603, 0.0421917918302212, -0.5460800571930251], [-0.17578810719244145, 0.9235951271119883, 0.34069133030455717], [0.5187312575230849, 0.38104054098894174, -0.7653273734758044]], "fy": 4205.602293502312, "fx": 4219.170711040734}, {"id": 27, "img_name": "_DSC8885", "width": 5068, "height": 3326, "position": [2.865910974821075, -0.5583791088883242, 3.823558238936582], "rotation": [[-0.8208129889599051, -0.15446923971377644, -0.5499138942934194], [-0.1951963706920033, 0.9806353437093073, 0.015896525934894778], [0.5368094764656975, 0.12038927132588102, -0.8350700625254425]], "fy": 4205.602293502312, "fx": 4219.170711040734}, {"id": 28, "img_name": "_DSC8886", "width": 5068, "height": 3326, "position": [3.906305979151166, -0.05923346362721195, 2.3254723485289346], "rotation": [[-0.5170647208174849, 0.05314095680409649, -0.8542950972561423], [-0.26831474318055826, 0.9377027901974335, 0.22072760554108092], [0.8128045725006027, 0.34335042735650284, -0.4705945292459523]], "fy": 4205.602293502312, "fx": 4219.170711040734}, {"id": 29, "img_name": "_DSC8887", "width": 5068, "height": 3326, "position": [3.9430864271224646, 0.02139281110927628, 2.3742896909211386], "rotation": [[-0.5472095579014032, -0.25465374918938904, -0.7973162282088196], [-0.23363669922551866, 0.9612013755654006, -0.14664858808112072], [0.803726068083122, 0.10603482274691389, -0.5854750411833755]], "fy": 4205.602293502312, "fx": 4219.170711040734}, {"id": 30, "img_name": "_DSC8888", "width": 5068, "height": 3326, "position": [4.107941754537158, 0.45219986428880443, 0.7542183170616642], "rotation": [[-0.21317581550795175, 0.0019450929612268232, -0.9770119181954188], [-0.35044715429060036, 0.9333018514112915, 0.07832270553214898], [0.9119993770459166, 0.3590875530641904, -0.19827573099659065]], "fy": 4205.602293502312, "fx": 4219.170711040734}, {"id": 31, "img_name": "_DSC8889", "width": 5068, "height": 3326, "position": [4.199456615171931, 0.5996900932824264, 0.8482358508969755], "rotation": [[-0.18568486078620833, -0.355097644773009, -0.9162023767440619], [-0.339728436955035, 0.8981158216718093, -0.2792356710502077], [0.9220117795336972, 0.259410164680247, -0.2874032791421697]], "fy": 4205.602293502312, "fx": 4219.170711040734}, {"id": 32, "img_name": "_DSC8891", "width": 5068, "height": 3326, "position": [3.8241393209252306, 1.2641307227996474, -0.8334689437478319], "rotation": [[0.2372854186370098, -0.30589645124641507, -0.9220211446692035], [-0.3625590600343724, 0.8526612882512732, -0.37619098275300455], [0.9012472236236023, 0.42355175437309744, 0.09141856090652495]], "fy": 4205.602293502312, "fx": 4219.170711040734}, {"id": 33, "img_name": "_DSC8892", "width": 5068, "height": 3326, "position": [2.75312001858121, 1.6208034270087812, -2.27647472532909], "rotation": [[0.5888461552432638, 0.036838558763394855, -0.80740518083764], [-0.31634404362295526, 0.9297705130457011, -0.18829030547272324], [0.743765185740435, 0.36629184219549515, 0.559145450505972]], "fy": 4205.602293502312, "fx": 4219.170711040734}, {"id": 34, "img_name": "_DSC8893", "width": 5068, "height": 3326, "position": [2.8066400195513976, 1.833331758610034, -2.217073858680792], "rotation": [[0.6303859972123852, -0.2793913297022217, -0.7242609884604934], [-0.281874343941052, 0.7869252187776429, -0.5489039572453094], [0.7232982432899644, 0.5501719594263083, 0.41731339100808706]], "fy": 4205.602293502312, "fx": 4219.170711040734}, {"id": 35, "img_name": "_DSC8894", "width": 5068, "height": 3326, "position": [1.2484145371583173, 2.1866369716192398, -3.448089521008872], "rotation": [[0.9134429573915333, 0.03610700532318025, -0.40536187260076784], [-0.17060430103764948, 0.9382830911597808, -0.300863778662539], [0.3694809008044453, 0.3439783786958681, 0.8632280920651839]], "fy": 4205.602293502312, "fx": 4219.170711040734}, {"id": 36, "img_name": "_DSC8895", "width": 5068, "height": 3326, "position": [1.287226188473437, 2.3651674333157793, -3.446296241121033], "rotation": [[0.9237808631824246, -0.1193913416209191, -0.36383323702472736], [-0.16695574919155087, 0.7295018479541947, -0.6632894026315381], [0.34460803041981247, 0.6734781075709676, 0.6539667759089949]], "fy": 4205.602293502312, "fx": 4219.170711040734}, {"id": 37, "img_name": "_DSC8896", "width": 5068, "height": 3326, "position": [-0.8267005035598047, 2.3889077187627703, -3.6529606356218247], "rotation": [[0.9943680840131016, 0.04229359266814482, 0.09717698037773373], [-0.0023169980024022752, 0.9253787372015794, -0.3790367056835883], [-0.10595633542346705, 0.3766768439318129, 0.9202650760673244]], "fy": 4205.602293502312, "fx": 4219.170711040734}, {"id": 38, "img_name": "_DSC8897", "width": 5068, "height": 3326, "position": [-0.8207719303524207, 2.5706210764653736, -3.638413786383504], "rotation": [[0.9921231161550406, 0.0835457011360637, 0.09333722843804267], [0.007508661472947343, 0.7041062079259005, -0.7100549753104286], [-0.1250413627312839, 0.7051627923975372, 0.6979327287242024]], "fy": 4205.602293502312, "fx": 4219.170711040734}, {"id": 39, "img_name": "_DSC8899", "width": 5068, "height": 3326, "position": [-2.626242823334989, 2.543003926957863, -2.830585251206605], "rotation": [[0.8108127297151934, 0.26176325341625584, 0.5235099965547302], [0.1610413611077998, 0.7601301634112427, -0.6294980656721232], [-0.5627152009181411, 0.5947118073767615, 0.574168502116166]], "fy": 4205.602293502312, "fx": 4219.170711040734}, {"id": 40, "img_name": "_DSC8900", "width": 5068, "height": 3326, "position": [-3.6678020814091106, 1.9514189250443348, -1.5190882304569082], "rotation": [[0.5003023246457493, 0.09008362520679183, 0.8611518590955147], [0.28678077312723727, 0.9211952894637832, -0.26297533503026604], [-0.8169788076312648, 0.37852896737150626, 0.4350418930885365]], "fy": 4205.602293502312, "fx": 4219.170711040734}, {"id": 41, "img_name": "_DSC8901", "width": 5068, "height": 3326, "position": [-3.7031717283819816, 2.099947834150049, -1.4739510696246336], "rotation": [[0.46938932125460003, 0.38432954566239086, 0.7949619270273802], [0.30948075767343547, 0.7715881268194508, -0.5557638196042701], [-0.8269796404519415, 0.5068950215598802, 0.2432326281480063]], "fy": 4205.602293502312, "fx": 4219.170711040734}, {"id": 42, "img_name": "_DSC8902", "width": 5068, "height": 3326, "position": [-3.723784750681814, 0.6931809094032223, 0.033024003619158915], "rotation": [[0.06143256080268997, -0.03800321150673214, 0.9973874855783976], [0.35251408808170587, 0.9357026697768753, 0.013940282506148864], [-0.9337879085622961, 0.3507367526901088, 0.07087927860277914]], "fy": 4205.602293502312, "fx": 4219.170711040734}, {"id": 43, "img_name": "_DSC8903", "width": 5068, "height": 3326, "position": [-3.830942639116811, 0.9438502338459233, 0.12236813861521466], "rotation": [[0.03264092114573656, 0.2687186951664782, 0.9626654835064892], [0.37213740324481237, 0.8906567392383472, -0.26123614978697485], [-0.927603537818267, 0.3667708217911292, -0.07092842102918986]], "fy": 4205.602293502312, "fx": 4219.170711040734}, {"id": 44, "img_name": "_DSC8904", "width": 5068, "height": 3326, "position": [-3.218892138930375, -0.059595886767235366, 1.6312067318321812], "rotation": [[-0.41961874540390093, -0.03827929617307673, 0.9068929396517265], [0.3214954775082063, 0.9280750536294397, 0.1879291163510411], [-0.8488585079077823, 0.3704205587102403, -0.37713106904280225]], "fy": 4205.602293502312, "fx": 4219.170711040734}, {"id": 45, "img_name": "_DSC8905", "width": 5068, "height": 3326, "position": [-3.2817750642378294, 0.126361939882403, 1.7434709097082142], "rotation": [[-0.41486314616405245, 0.37855681237262906, 0.8273954977887769], [0.34479041684761386, 0.9069309636504601, -0.24206568451991803], [-0.8420262100462861, 0.18485390712214309, -0.5067749940720885]], "fy": 4205.602293502312, "fx": 4219.170711040734}, {"id": 46, "img_name": "_DSC8907", "width": 5068, "height": 3326, "position": [-2.0529129243676687, -0.5501888170039109, 3.1479004880332297], "rotation": [[-0.8147389548442615, 0.2916600408996135, 0.501133571018462], [0.24257331002691523, 0.956462632855429, -0.16228808093586744], [-0.5266484830718363, -0.010660792357813007, -0.8500163073638277]], "fy": 4205.602293502312, "fx": 4219.170711040734}, {"id": 47, "img_name": "_DSC8908", "width": 5068, "height": 3326, "position": [-0.08170532499023028, -1.035937814128562, 3.582085416412352], "rotation": [[-0.9999789412805948, 0.006486321195208676, 0.00021126450850892807], [0.005950998280108185, 0.9034909015150857, 0.4285659534994909], [0.0025889408664776913, 0.4285581856840565, -0.9035104752399825]], "fy": 4205.602293502312, "fx": 4219.170711040734}, {"id": 48, "img_name": "_DSC8909", "width": 5068, "height": 3326, "position": [-0.06400225537632023, -0.924444084083404, 3.7509846471094104], "rotation": [[-0.9991964424598812, 0.03312247402959181, 0.022569250977282813], [0.03250480014389196, 0.9991012261924512, -0.027206208636013383], [-0.02345010326463844, -0.02645073788951196, -0.9993750302674055]], "fy": 4205.602293502312, "fx": 4219.170711040734}, {"id": 49, "img_name": "_DSC8910", "width": 5068, "height": 3326, "position": [1.9193833239118565, -1.1206740436308755, 3.4409582722353673], "rotation": [[-0.8728564296919672, 0.05640297924760053, -0.4847064648603171], [-0.17893742111274133, 0.8871113842009037, 0.42545833091699814], [0.4539857403827928, 0.45809616452569346, -0.7642282719030589]], "fy": 4205.602293502312, "fx": 4219.170711040734}, {"id": 50, "img_name": "_DSC8911", "width": 5068, "height": 3326, "position": [2.000954644052496, -0.9366774796309459, 3.607403764910501], "rotation": [[-0.8911179983059389, -0.12724684366153785, -0.4355650971707824], [-0.15318424769528305, 0.9878865312979421, 0.024794909520904466], [0.4271338190230869, 0.0888169018728744, -0.8998156803415116]], "fy": 4205.602293502312, "fx": 4219.170711040734}, {"id": 51, "img_name": "_DSC8912", "width": 5068, "height": 3326, "position": [3.263591711617491, -0.7367145231809606, 2.4862029405892225], "rotation": [[-0.6199263737309366, 0.05602761924861121, -0.7826571388763685], [-0.30774813152243236, 0.9001685462031129, 0.30820070728508375], [0.7217910907577497, 0.4319230189604472, -0.5407958274569343]], "fy": 4205.602293502312, "fx": 4219.170711040734}, {"id": 52, "img_name": "_DSC8913", "width": 5068, "height": 3326, "position": [3.4276232377003577, -0.5260196241872603, 2.6887772223116277], "rotation": [[-0.6068591168300635, -0.29123368316097964, -0.7395302252867865], [-0.32150133476027715, 0.940878084165326, -0.10670202661967586], [0.7268830057633727, 0.1730068568868759, -0.6646124610647386]], "fy": 4205.602293502312, "fx": 4219.170711040734}, {"id": 53, "img_name": "_DSC8915", "width": 5068, "height": 3326, "position": [3.8379104879579313, 0.08740229142122696, 1.159166909303814], "rotation": [[-0.30564454564882726, -0.2597927251685641, -0.9160180957080558], [-0.3185711166721495, 0.9345124941395396, -0.15874143101079943], [0.89727022425654, 0.24329845508467077, -0.3683911052346824]], "fy": 4205.602293502312, "fx": 4219.170711040734}, {"id": 54, "img_name": "_DSC8916", "width": 5068, "height": 3326, "position": [3.4776499095540343, 0.404577489581209, -0.6667241956842768], "rotation": [[0.1402631950345294, 0.13630704444157568, -0.9806868132866412], [-0.3918162502025056, 0.9172647419298574, 0.0714522168277493], [0.9092888771979744, 0.3742269135804565, 0.18206579842488926]], "fy": 4205.602293502312, "fx": 4219.170711040734}, {"id": 55, "img_name": "_DSC8917", "width": 5068, "height": 3326, "position": [3.6622521274691144, 0.7612230658712617, -0.5683603045187363], "rotation": [[0.10132197782177484, -0.21374992219458366, -0.9716196928696398], [-0.3621033980271842, 0.9017322207918798, -0.2361358319334679], [0.9266147991195964, 0.3757525419043148, 0.013965718921549663]], "fy": 4205.602293502312, "fx": 4219.170711040734}, {"id": 56, "img_name": "_DSC8918", "width": 5068, "height": 3326, "position": [2.63962750274649, 0.9410597937067163, -2.0168541437200114], "rotation": [[0.584578448996416, 0.16279080975152013, -0.7948378383226288], [-0.35110983847317284, 0.9339376390481903, -0.06695048690214916], [0.7314300501731437, 0.3182131968186373, 0.6031172714109387]], "fy": 4205.602293502312, "fx": 4219.170711040734}, {"id": 57, "img_name": "_DSC8919", "width": 5068, "height": 3326, "position": [2.7956337942652953, 1.3470955870771941, -1.9870891831479558], "rotation": [[0.5277444433114044, -0.27122685291602516, -0.8049358960881323], [-0.30055781497151374, 0.8267105691651059, -0.47562026311991396], [0.7944499999455505, 0.4929357251082292, 0.3547725588296524]], "fy": 4205.602293502312, "fx": 4219.170711040734}, {"id": 58, "img_name": "_DSC8920", "width": 5068, "height": 3326, "position": [1.268215266659217, 1.4334480784602661, -2.9967673838673643], "rotation": [[0.8983861051482394, 0.11378856337349129, -0.42421052429421596], [-0.2082995839693905, 0.9607092732827736, -0.18343657090848528], [0.38667000063976453, 0.2531597422061451, 0.8867899726154793]], "fy": 4205.602293502312, "fx": 4219.170711040734}, {"id": 59, "img_name": "_DSC8921", "width": 5068, "height": 3326, "position": [1.3458388686118596, 1.8015762172293361, -3.023691962239884], "rotation": [[0.8770209493699909, -0.0810668808317533, -0.47356352815474506], [-0.19831989445655424, 0.8366896713653985, -0.5105091706259572], [0.43761109884108396, 0.5416443064065862, 0.717717194658472]], "fy": 4205.602293502312, "fx": 4219.170711040734}, {"id": 60, "img_name": "_DSC8923", "width": 5068, "height": 3326, "position": [-0.44156937609983554, 2.0624867606616935, -3.4670511975386757], "rotation": [[0.9970220043904875, 0.07700354608183443, 0.004192451788320298], [-0.0547348413151178, 0.744894793813894, -0.6649329615045153], [-0.05432513145297913, 0.6627233208811798, 0.7468912772638581]], "fy": 4205.602293502312, "fx": 4219.170711040734}, {"id": 61, "img_name": "_DSC8924", "width": 5068, "height": 3326, "position": [-1.9607006861358158, 1.5896357941334935, -2.8768012562783656], "rotation": [[0.8618903893300665, 0.02566306495208156, 0.5064448280688941], [0.1175842710801422, 0.9613841006316021, -0.24882634556516867], [-0.49327365222056835, 0.27401098180552974, 0.8255901440030345]], "fy": 4205.602293502312, "fx": 4219.170711040734}, {"id": 62, "img_name": "_DSC8925", "width": 5068, "height": 3326, "position": [-2.000881546913503, 1.9216142536430283, -2.878535986028119], "rotation": [[0.8723605394698065, 0.22853835040399303, 0.4321542682544852], [0.10684170128938004, 0.7734988450816039, -0.6247274505918687], [-0.47704500840228775, 0.5911596730596959, 0.6503524436076294]], "fy": 4205.602293502312, "fx": 4219.170711040734}, {"id": 63, "img_name": "_DSC8926", "width": 5068, "height": 3326, "position": [-2.948680826567392, 1.2455748220100964, -1.6884880033987657], "rotation": [[0.5483204084947748, -0.0709035791371603, 0.8332571104369069], [0.2769582562668137, 0.9555654184722254, -0.10093985984558759], [-0.7890746820889447, 0.2861248215124675, 0.543593352241075]], "fy": 4205.602293502312, "fx": 4219.170711040734}, {"id": 64, "img_name": "_DSC8927", "width": 5068, "height": 3326, "position": [-3.0861533963871777, 1.5718019515770751, -1.6570829181951034], "rotation": [[0.5146446653333453, 0.3244601623638515, 0.7936412738024353], [0.30455338978726737, 0.7960945456512413, -0.5229538288925978], [-0.8014911735091121, 0.5108415384668389, 0.3108903687215466]], "fy": 4205.602293502312, "fx": 4219.170711040734}, {"id": 65, "img_name": "_DSC8928", "width": 5068, "height": 3326, "position": [-3.3999578137258006, 0.28503557164047943, -0.5626958202031095], "rotation": [[0.1512720263957165, -0.32203491302861237, 0.9345642240214356], [0.3655397792398914, 0.8966490134388729, 0.24980235485748994], [-0.9184211690849603, 0.30383229171658155, 0.253354484244635]], "fy": 4205.602293502312, "fx": 4219.170711040734}, {"id": 66, "img_name": "_DSC8929", "width": 5068, "height": 3326, "position": [-3.331008575368543, 0.6309497022858059, -0.40662344845700765], "rotation": [[0.17233031847678132, 0.005428729791721307, 0.9850242586995205], [0.33665104844307014, 0.9394469104972267, -0.06407475274550235], [-0.9257258411192121, 0.3426514719800049, 0.1600675977019183]], "fy": 4205.602293502312, "fx": 4219.170711040734}, {"id": 67, "img_name": "_DSC8931", "width": 5068, "height": 3326, "position": [-3.148012918932174, -0.04223138634271686, 1.1443614199271852], "rotation": [[-0.35239736195583593, -0.11540855496728326, 0.9287071469128094], [0.33463038840015163, 0.9112196841620219, 0.24021072073250396], [-0.8739786052562907, 0.39542325758107466, -0.28249220328752417]], "fy": 4205.602293502312, "fx": 4219.170711040734}, {"id": 68, "img_name": "_DSC8932", "width": 5068, "height": 3326, "position": [-2.270606532410616, -1.1152328552344917, 2.3989163015755453], "rotation": [[-0.7838043318545782, -0.163416523106737, 0.5991208637175837], [0.24786633194084598, 0.8022525896540394, 0.5430958146437677], [-0.5693970941761017, 0.574182743008785, -0.5883036008513961]], "fy": 4205.602293502312, "fx": 4219.170711040734}, {"id": 69, "img_name": "_DSC8933", "width": 5068, "height": 3326, "position": [-2.2378965589968205, -0.6710261785017061, 2.5444780887621112], "rotation": [[-0.7876474429634461, -0.050508501053658096, 0.6140524382448593], [0.24863959046421516, 0.8858195121556596, 0.391793499101372], [-0.5637285336462327, 0.4612728945056516, -0.6851550606595895]], "fy": 4205.602293502312, "fx": 4219.170711040734}, {"id": 70, "img_name": "_DSC8934", "width": 5068, "height": 3326, "position": [-0.7808824665533515, -1.522314575189929, 3.0978596598335417], "rotation": [[-0.9802050467755363, -0.007232316652658691, 0.19785287430715792], [0.12357966793084818, 0.758403590360928, 0.63996254562416], [-0.15468074201357346, 0.6517451094741635, -0.7424972594741617]], "fy": 4205.602293502312, "fx": 4219.170711040734}, {"id": 71, "img_name": "_DSC8935", "width": 5068, "height": 3326, "position": [-0.7404541101442277, -1.1118150940580893, 3.198147466742784], "rotation": [[-0.9810299932224475, 0.014180844405195934, 0.1933366391812988], [0.09405995716464141, 0.9068777731779379, 0.41076201013970404], [-0.1695077486610861, 0.42115508802314156, -0.891008145291652]], "fy": 4205.602293502312, "fx": 4219.170711040734}, {"id": 72, "img_name": "_DSC8936", "width": 5068, "height": 3326, "position": [0.822543161451667, -1.6447147064281014, 3.159721440970227], "rotation": [[-0.9767040124925498, 0.11194027310639712, -0.18308098546221885], [-0.029347038181978077, 0.7754695630286909, 0.6307025512601299], [0.21257474763220927, 0.6213825971758112, -0.7541191183070122]], "fy": 4205.602293502312, "fx": 4219.170711040734}, {"id": 73, "img_name": "_DSC8937", "width": 5068, "height": 3326, "position": [0.8356877255876728, -1.1650404154780927, 3.3087266588171076], "rotation": [[-0.9695449604743259, 0.03998244061578554, -0.24162775929359429], [-0.06779169172550116, 0.9042250742492034, 0.42164120011215395], [0.23534412283257167, 0.42518045526744047, -0.8739763865841798]], "fy": 4205.602293502312, "fx": 4219.170711040734}, {"id": 74, "img_name": "_DSC8939", "width": 5068, "height": 3326, "position": [2.3391812680088124, -1.119647348462433, 2.7741172212640115], "rotation": [[-0.7797087125316973, 0.10932748782677416, -0.616523984941096], [-0.1880423647414747, 0.8983008837791033, 0.3971090420326837], [0.5972389745023315, 0.4255620079461608, -0.6798548262152992]], "fy": 4205.602293502312, "fx": 4219.170711040734}, {"id": 75, "img_name": "_DSC8940", "width": 5068, "height": 3326, "position": [3.332660464262001, -0.858218823214785, 1.291199558802297], "rotation": [[-0.4471386313979522, 0.3069040580262877, -0.8401648311364637], [-0.34625141569567813, 0.8066726632653947, 0.4789458961814518], [0.8247284410278962, 0.5050634747309611, -0.2544285460642789]], "fy": 4205.602293502312, "fx": 4219.170711040734}, {"id": 76, "img_name": "_DSC8941", "width": 5068, "height": 3326, "position": [3.3070479674965108, -0.47598115338884167, 1.4210602900288716], "rotation": [[-0.43204873147360845, 0.11689993405709287, -0.8942417453068793], [-0.3123677432721032, 0.9107887135303708, 0.26998205916094753], [0.846026173705719, 0.39597768210233686, -0.35698933973120467]], "fy": 4205.602293502312, "fx": 4219.170711040734}, {"id": 77, "img_name": "_DSC8942", "width": 5068, "height": 3326, "position": [3.4220286349600206, -0.3801397538643551, -0.28314580226843283], "rotation": [[-0.03602650205983834, 0.31376944296096754, -0.9488154867060806], [-0.4012462011436849, 0.8650012663695194, 0.30128772833769646], [0.9152614802432658, 0.3915629525926734, 0.0947358271184341]], "fy": 4205.602293502312, "fx": 4219.170711040734}, {"id": 78, "img_name": "_DSC8943", "width": 5068, "height": 3326, "position": [3.3643276648865483, 0.02244763761995514, -0.11937949215635815], "rotation": [[-0.029444909030452465, 0.1629061158374708, -0.9862021064441794], [-0.3622800313928576, 0.917807886702699, 0.16242494254367423], [0.9316040876821967, 0.36206391773977464, 0.03199286302829467]], "fy": 4205.602293502312, "fx": 4219.170711040734}, {"id": 79, "img_name": "_DSC8944", "width": 5068, "height": 3326, "position": [2.8146097702419657, 0.22905738375339554, -1.739350653011605], "rotation": [[0.41799842868507164, 0.361400242525099, -0.8334669629443091], [-0.366960236157001, 0.906451827496311, 0.20901021388486238], [0.8310339937068812, 0.21848329256809898, 0.5115149579163776]], "fy": 4205.602293502312, "fx": 4219.170711040734}, {"id": 80, "img_name": "_DSC8945", "width": 5068, "height": 3326, "position": [2.780049300796864, 0.7477964041329201, -1.617626612055527], "rotation": [[0.45994561267616624, 0.09251247994206219, -0.8831146439930183], [-0.307570102200983, 0.9495864952027817, -0.06071342817346094], [0.8329769898454714, 0.2995445362270303, 0.4652122152357032]], "fy": 4205.602293502312, "fx": 4219.170711040734}, {"id": 81, "img_name": "_DSC8947", "width": 5068, "height": 3326, "position": [1.6024697279127111, 1.1637559641081574, -2.6759480827117414], "rotation": [[0.8233879596381014, 0.03281716721017223, -0.5665291708811682], [-0.22784663621448134, 0.9334415914574661, -0.27707887992970337], [0.5197289469413361, 0.3572251795067822, 0.7760618485904313]], "fy": 4205.602293502312, "fx": 4219.170711040734}, {"id": 82, "img_name": "_DSC8948", "width": 5068, "height": 3326, "position": [-0.06513035882149978, 1.0430213220290894, -3.5231511353873555], "rotation": [[0.9988547540266491, 0.024584961888010664, -0.041045828135474395], [-0.027909466751572597, 0.9962008677351978, -0.08249177407039963], [0.03886183248387423, 0.08354286787394873, 0.9957461258791778]], "fy": 4205.602293502312, "fx": 4219.170711040734}, {"id": 83, "img_name": "_DSC8949", "width": 5068, "height": 3326, "position": [-0.06655948037825168, 1.5755180701907223, -3.2825149115551087], "rotation": [[0.9981982469826024, 0.042124226890145604, -0.04272948899492058], [-0.05399095205059, 0.9412544231530802, -0.3333542979945412], [0.026177028432012587, 0.33506068167373804, 0.9418328422702191]], "fy": 4205.602293502312, "fx": 4219.170711040734}, {"id": 84, "img_name": "_DSC8950", "width": 5068, "height": 3326, "position": [-1.73460768781135, 1.1106999183610247, -3.3140642718805564], "rotation": [[0.906629953479061, -0.07648138781755501, 0.4149370130177069], [0.13106362074708103, 0.9858337205929467, -0.10466232683507978], [-0.4010541793464086, 0.149273147817578, 0.9038103078464033]], "fy": 4205.602293502312, "fx": 4219.170711040734}, {"id": 85, "img_name": "_DSC8951", "width": 5068, "height": 3326, "position": [-1.6546081076089127, 1.6109827197820077, -3.0032134695997446], "rotation": [[0.8988101716622479, 0.014703367886766485, 0.438091413165411], [0.15709688771056904, 0.9222405854168265, -0.35326034377167487], [-0.409219798138034, 0.3863367877678949, 0.8266093655585154]], "fy": 4205.602293502312, "fx": 4219.170711040734}, {"id": 86, "img_name": "_DSC8952", "width": 5068, "height": 3326, "position": [-3.014156353697921, 0.8727926556133995, -2.2699044007945326], "rotation": [[0.6221205203005348, -0.15596182714229223, 0.7672300611260157], [0.2556809964611168, 0.9667007340676074, -0.010812899786792124], [-0.7399954636817999, 0.2028930733849399, 0.6412808390266868]], "fy": 4205.602293502312, "fx": 4219.170711040734}, {"id": 87, "img_name": "_DSC8953", "width": 5068, "height": 3326, "position": [-2.928274194039787, 1.385797343403395, -2.064088390725177], "rotation": [[0.6441740587196608, 0.06908252598530212, 0.7617528383118298], [0.24278336729116778, 0.9259439663983918, -0.2892818826977859], [-0.7253247677002352, 0.3712888036204481, 0.5796969947021421]], "fy": 4205.602293502312, "fx": 4219.170711040734}, {"id": 88, "img_name": "_DSC8955", "width": 5068, "height": 3326, "position": [-3.523403275992112, 0.26431045505634326, -0.6766353270054443], "rotation": [[0.1577576317776352, 0.08348944670856828, 0.9839420927596345], [0.3578428340713574, 0.9238594887984274, -0.1357650583209365], [-0.920359188425742, 0.3735146011140735, 0.115869784822893]], "fy": 4205.602293502312, "fx": 4219.170711040734}, {"id": 89, "img_name": "_DSC8956", "width": 5068, "height": 3326, "position": [-3.3313635861037727, -0.6719312229087376, 0.9606920001470414], "rotation": [[-0.3426628866114206, -0.17919203603815415, 0.9222105835218052], [0.3765349677085577, 0.8731492963317139, 0.30956699502393387], [-0.8606994622002753, 0.45332165240139777, -0.2317237908204985]], "fy": 4205.602293502312, "fx": 4219.170711040734}, {"id": 90, "img_name": "_DSC8957", "width": 5068, "height": 3326, "position": [-3.320855387052895, -0.5534746317977374, 0.9755065583094424], "rotation": [[-0.38954760628377605, 0.13098628967186793, 0.9116442586648466], [0.35517706344690275, 0.9346356323935063, 0.01747822249616607], [-0.8497658007002957, 0.3306037304362856, -0.410608399063873]], "fy": 4205.602293502312, "fx": 4219.170711040734}, {"id": 91, "img_name": "_DSC8958", "width": 5068, "height": 3326, "position": [-2.3396273816904856, -1.4596979588250996, 2.464995402979179], "rotation": [[-0.7973485891762799, -0.07940757089566362, 0.5982722332041202], [0.2651976729178509, 0.8443732045178778, 0.46551486095630346], [-0.5421304470490027, 0.5298380216411994, -0.6522010803469954]], "fy": 4205.602293502312, "fx": 4219.170711040734}, {"id": 92, "img_name": "_DSC8959", "width": 5068, "height": 3326, "position": [-2.341343798516227, -1.3550656483218124, 2.477417215708993], "rotation": [[-0.8200677307044013, 0.1352774247683621, 0.5560476017441072], [0.24090419224350937, 0.9629750957208364, 0.12101295459969666], [-0.5190896716530156, 0.23319301741151277, -0.8222937002152443]], "fy": 4205.602293502312, "fx": 4219.170711040734}, {"id": 93, "img_name": "_DSC8960", "width": 5068, "height": 3326, "position": [-0.5529307106876401, -1.8039162993091677, 3.1803926660746016], "rotation": [[-0.9954806606320645, 0.03396746575868401, 0.08868182213667805], [0.07979952032113372, 0.8054512432742224, 0.5872651285957021], [-0.05148097574896712, 0.5916878450483347, -0.8045217232356079]], "fy": 4205.602293502312, "fx": 4219.170711040734}, {"id": 94, "img_name": "_DSC8961", "width": 5068, "height": 3326, "position": [-0.5432955342045923, -1.685072208132197, 3.1884195478980275], "rotation": [[-0.9988155974485747, 0.029360109182264615, 0.038799307754812024], [0.03953316366823362, 0.9545639707358707, 0.29537223082637337], [-0.02836426032576504, 0.2965562505862475, -0.9545940807350523]], "fy": 4205.602293502312, "fx": 4219.170711040734}, {"id": 95, "img_name": "_DSC8963", "width": 5068, "height": 3326, "position": [1.372226059953664, -1.7785343595196161, 3.1882452128237464], "rotation": [[-0.9059728094693619, 0.02442782812104403, -0.42263051204980384], [-0.12342784769627314, 0.9397166539621005, 0.3189015156429012], [0.4049430020573961, 0.34108047654411816, -0.8483426628463175]], "fy": 4205.602293502312, "fx": 4219.170711040734}, {"id": 96, "img_name": "_DSC8964", "width": 5068, "height": 3326, "position": [2.913341188566813, -1.5690553735756996, 2.2348402369148523], "rotation": [[-0.6768271800751351, 0.21994310421306923, -0.7025169031565424], [-0.24871237425243073, 0.829882945428902, 0.4994361338349167], [0.6928543304369675, 0.5127565970276433, -0.5069847620978087]], "fy": 4205.602293502312, "fx": 4219.170711040734}, {"id": 97, "img_name": "_DSC8965", "width": 5068, "height": 3326, "position": [2.8911563402622016, -1.4512207109134656, 2.2480651851196547], "rotation": [[-0.6432792932290109, -0.03418037623369876, -0.7648682584493274], [-0.2503488520479921, 0.9534782245893838, 0.16794263161011055], [0.7235448867769275, 0.29951790783590815, -0.6219098163757857]], "fy": 4205.602293502312, "fx": 4219.170711040734}, {"id": 98, "img_name": "_DSC8966", "width": 5068, "height": 3326, "position": [3.6029602278745756, -0.9824725776417117, 0.6290631870750022], "rotation": [[-0.30058161516319964, 0.2774787954738651, -0.9124999784593174], [-0.34916943191255856, 0.8583073535139042, 0.3760175457632518], [0.8875423372683374, 0.4316410603340824, -0.16110429724227007]], "fy": 4205.602293502312, "fx": 4219.170711040734}, {"id": 99, "img_name": "_DSC8967", "width": 5068, "height": 3326, "position": [3.577927110832141, -0.8250953034346896, 0.6957974938733122], "rotation": [[-0.28819626026442036, 0.024158677159243344, -0.957266563652736], [-0.3356670076487261, 0.9337009223500659, 0.12462041397293673], [0.8968113377660611, 0.357237940203097, -0.2609798431559341]], "fy": 4205.602293502312, "fx": 4219.170711040734}, {"id": 100, "img_name": "_DSC8968", "width": 5068, "height": 3326, "position": [3.4199366306694627, -0.28873171283149607, -1.068329474638848], "rotation": [[0.17903183203492545, 0.32695888